#timestamp imgname x y z qx qy qz qw
1783518563.624737 pano/1783518563.624737.jpg 3323287.427846 5580917.481488 168.578918 0.539840 -0.475107 0.521073 -0.459706
1783518564.524176 pano/1783518564.524176.jpg 3323287.908986 5580916.707137 168.675320 0.525847 -0.458244 0.544208 -0.466192
1783518565.923297 pano/1783518565.923297.jpg 3323288.525167 5580915.662022 168.812504 -0.557444 0.417177 -0.465267 0.546576
1783518567.222484 pano/1783518567.222484.jpg 3323289.418440 5580914.557523 168.873163 -0.612495 0.343799 -0.453006 0.549033
1783518568.221861 pano/1783518568.221861.jpg 3323290.330889 5580914.100822 168.853750 0.486311 -0.506888 0.564232 -0.433831
1783518570.220609 pano/1783518570.220609.jpg 3323290.970782 5580913.208137 168.781230 0.380413 -0.576278 0.646084 -0.325215
1783518571.219985 pano/1783518571.219985.jpg 3323290.886516 5580912.700109 168.814508 0.219207 -0.643090 0.707889 -0.193072
1783518572.419233 pano/1783518572.419233.jpg 3323290.336909 5580912.273721 168.967067 -0.200414 0.711380 -0.644250 0.196760
1783518574.417984 pano/1783518574.417984.jpg 3323289.295596 5580911.453240 168.815314 -0.385350 0.653055 -0.562671 0.329282
1783518575.817111 pano/1783518575.817111.jpg 3323288.815634 5580910.592245 168.631954 -0.306014 0.643866 -0.632368 0.303154
1783518577.216236 pano/1783518577.216236.jpg 3323288.260259 5580909.437372 168.816799 -0.456399 0.559200 -0.558830 0.408294
1783518579.115051 pano/1783518579.115051.jpg 3323287.055016 5580908.183621 168.800313 0.344929 -0.601005 0.637049 -0.337619
1783518580.414235 pano/1783518580.414235.jpg 3323286.641749 5580907.000025 168.757829 -0.487995 0.523350 -0.513012 0.474115
1783518582.113174 pano/1783518582.113174.jpg 3323286.419891 5580905.782669 168.747927 -0.261855 0.647387 -0.643819 0.312760
1783518583.112548 pano/1783518583.112548.jpg 3323285.881184 5580905.133351 168.706858 -0.353746 0.620254 -0.599840 0.361027
1783518584.911424 pano/1783518584.911424.jpg 3323286.071404 5580903.737973 168.703904 -0.552833 0.431585 -0.426907 0.570842
1783518585.810863 pano/1783518585.810863.jpg 3323286.156554 5580902.969822 168.710737 -0.540117 0.429690 -0.434082 0.578976
1783518587.309925 pano/1783518587.309925.jpg 3323286.469109 5580901.419841 168.687120 -0.562560 0.468216 -0.383165 0.563457
1783518588.009487 pano/1783518588.009487.jpg 3323286.888671 5580900.931741 168.775626 -0.617200 0.346594 -0.315664 0.631897
1783518589.308675 pano/1783518589.308675.jpg 3323287.374761 5580899.952200 168.851136 -0.631747 0.377547 -0.378545 0.561300
1783518591.407363 pano/1783518591.407363.jpg 3323288.571871 5580898.505887 168.803131 -0.689362 0.236949 -0.134760 0.671174
1783518592.006989 pano/1783518592.006989.jpg 3323288.485947 5580897.911247 168.845063 -0.620368 0.381260 -0.270704 0.629685
1783518593.006365 pano/1783518593.006365.jpg 3323288.433285 5580897.059716 168.910658 -0.481860 0.543712 -0.502902 0.468272
1783518594.405489 pano/1783518594.405489.jpg 3323287.690035 5580896.930537 168.951722 0.115203 -0.694629 0.704824 -0.086271
1783518596.104430 pano/1783518596.104430.jpg 3323285.940814 5580897.468223 168.753273 0.001641 0.718662 -0.692107 0.067161
1783518597.103806 pano/1783518597.103806.jpg 3323284.896953 5580897.598032 168.792375 0.010128 0.714452 -0.699111 0.026460
1783518598.003241 pano/1783518598.003241.jpg 3323283.900854 5580897.597986 168.706973 -0.028162 0.725659 -0.686531 0.036062
1783518599.202493 pano/1783518599.202493.jpg 3323282.762175 5580897.099229 168.756652 -0.274769 0.670129 -0.614247 0.313257
1783518600.001994 pano/1783518600.001994.jpg 3323282.487665 5580896.461443 168.828701 -0.431825 0.599435 -0.502874 0.448690
1783518601.401120 pano/1783518601.401120.jpg 3323283.168983 5580895.249998 168.825420 -0.649633 0.230894 -0.240742 0.683160
1783518602.100682 pano/1783518602.100682.jpg 3323283.684611 5580894.746935 168.811154 -0.697870 0.188470 -0.216996 0.656025
1783518602.800245 pano/1783518602.800245.jpg 3323284.202320 5580894.239895 168.802402 -0.683151 0.135479 -0.157174 0.700176
1783518603.999496 pano/1783518603.999496.jpg 3323285.160751 5580893.480406 168.877063 -0.694823 0.129679 -0.178300 0.684554
1783518605.398621 pano/1783518605.398621.jpg 3323286.123663 5580892.865149 168.920132 -0.720801 -0.072533 0.000046 0.689337
1783518607.097561 pano/1783518607.097561.jpg 3323288.071503 5580893.218060 168.658752 -0.778078 0.023332 0.221917 0.587199
1783518609.396126 pano/1783518609.396126.jpg 3323290.573623 5580894.604940 169.022275 -0.643728 -0.226994 0.281527 0.674411
1783518611.394877 pano/1783518611.394877.jpg 3323292.474730 5580894.915914 169.148643 -0.692008 0.068450 -0.103435 0.711154
1783518611.894566 pano/1783518611.894566.jpg 3323292.944791 5580894.644658 169.188554 -0.693536 0.066771 -0.092163 0.711375
1783518613.093815 pano/1783518613.093815.jpg 3323294.093585 5580894.059121 169.216768 -0.718352 0.038930 -0.087307 0.689081
1783518613.893316 pano/1783518613.893316.jpg 3323294.863089 5580893.751247 169.279407 -0.719991 0.029443 -0.049884 0.691562
1783518615.392380 pano/1783518615.392380.jpg 3323295.459926 5580892.446844 169.270520 -0.595114 0.391983 -0.393043 0.581124
1783518616.991383 pano/1783518616.991383.jpg 3323295.229465 5580891.495403 169.203140 0.360259 -0.590816 0.600722 -0.400352
1783518618.690320 pano/1783518618.690320.jpg 3323294.576131 5580891.143482 169.195102 -0.013319 0.718212 -0.694666 0.037864
1783518620.289322 pano/1783518620.289322.jpg 3323295.250819 5580890.848547 169.201855 -0.664803 0.196211 -0.245881 0.677555
1783518620.988885 pano/1783518620.988885.jpg 3323296.133012 5580891.227345 169.176999 -0.741619 -0.029859 -0.034435 0.669272
1783518621.688449 pano/1783518621.688449.jpg 3323296.844914 5580891.601381 169.304873 -0.675588 -0.226404 0.162169 0.682659
1783518623.287451 pano/1783518623.287451.jpg 3323298.472819 5580891.489370 169.414805 -0.697364 -0.084329 0.013735 0.711606
1783518623.887081 pano/1783518623.887081.jpg 3323299.108161 5580891.336074 169.413135 -0.687695 -0.126919 0.079994 0.710330
1783518625.086328 pano/1783518625.086328.jpg 3323300.135807 5580890.835009 169.354091 -0.721772 0.131445 -0.120635 0.668742
1783518626.985142 pano/1783518626.985142.jpg 3323301.842873 5580889.954439 169.466882 -0.703664 0.011255 -0.016190 0.710259
1783518627.484829 pano/1783518627.484829.jpg 3323302.375240 5580889.863229 169.499095 -0.727340 0.005363 -0.039218 0.685134
1783518628.883956 pano/1783518628.883956.jpg 3323303.799526 5580889.712671 169.518101 -0.713361 0.039784 -0.017129 0.699457
1783518629.883332 pano/1783518629.883332.jpg 3323304.822243 5580889.546932 169.503991 -0.730850 0.010204 0.017916 0.682226
1783518630.482965 pano/1783518630.482965.jpg 3323305.322788 5580889.517398 169.636707 -0.698239 -0.020727 0.014490 0.715418
1783518631.582272 pano/1783518631.582272.jpg 3323306.180676 5580889.488229 169.713261 -0.706165 -0.026167 -0.005533 0.707542
1783518633.381148 pano/1783518633.381148.jpg 3323306.735296 5580888.648378 169.683713 0.492549 -0.514161 0.515962 -0.476253
1783518634.580400 pano/1783518634.580400.jpg 3323306.768218 5580887.552686 169.583347 0.471251 -0.513701 0.551703 -0.457884
1783518635.679714 pano/1783518635.679714.jpg 3323306.941238 5580886.209518 169.346648 0.571280 -0.467011 0.454502 -0.498965
1783518637.078840 pano/1783518637.078840.jpg 3323306.501033 5580884.681723 169.084590 -0.342958 0.630022 -0.589090 0.372055
1783518637.878342 pano/1783518637.878342.jpg 3323306.085077 5580883.923803 169.048295 -0.236811 0.682956 -0.631452 0.280641
1783518638.477968 pano/1783518638.477968.jpg 3323305.728483 5580883.408821 169.176319 0.185235 -0.667378 0.679239 -0.242754
1783518639.977031 pano/1783518639.977031.jpg 3323304.608325 5580882.636599 169.181612 -0.061157 0.711066 -0.693302 0.099889
1783518640.476719 pano/1783518640.476719.jpg 3323304.189210 5580882.361877 169.061115 -0.000358 0.721602 -0.691904 0.023644
1783518641.476095 pano/1783518641.476095.jpg 3323303.396851 5580881.769706 168.939124 0.065949 0.732262 -0.676716 -0.038712
1783518642.475472 pano/1783518642.475472.jpg 3323302.564335 5580881.297706 169.143533 -0.161962 -0.679461 0.705627 0.119131
1783518644.174411 pano/1783518644.174411.jpg 3323301.379532 5580881.468153 169.104746 -0.336533 -0.615793 0.650983 0.289421
1783518644.973912 pano/1783518644.973912.jpg 3323300.949737 5580882.105273 169.113363 0.356385 0.633196 -0.606696 -0.322449
1783518645.673475 pano/1783518645.673475.jpg 3323300.569382 5580882.779958 169.096303 -0.340143 -0.618353 0.621219 0.340630
1783518646.772791 pano/1783518646.772791.jpg 3323299.994056 5580883.810716 169.159205 -0.350348 -0.592152 0.653554 0.315404
1783518647.572290 pano/1783518647.572290.jpg 3323299.576189 5580884.437069 169.162399 0.300135 0.680780 -0.624683 -0.237126
1783518649.071354 pano/1783518649.071354.jpg 3323298.068127 5580885.170800 169.092375 0.168209 0.705635 -0.667237 -0.169054
1783518651.269981 pano/1783518651.269981.jpg 3323296.145103 5580885.801301 168.987154 -0.363864 -0.600653 0.621345 0.347490
1783518653.368671 pano/1783518653.368671.jpg 3323295.040229 5580887.388881 168.991990 0.329525 0.654294 -0.623650 -0.272714
1783518655.267485 pano/1783518655.267485.jpg 3323293.093307 5580887.874930 168.896129 0.059013 0.715696 -0.695135 -0.032944
1783518656.666612 pano/1783518656.666612.jpg 3323291.725691 5580887.975258 168.826573 0.165638 0.710183 -0.649879 -0.214153
1783518657.765925 pano/1783518657.765925.jpg 3323290.737903 5580887.676239 168.789702 -0.203891 0.691224 -0.671344 0.173015
1783518658.865239 pano/1783518658.865239.jpg 3323289.732367 5580887.144369 168.764784 -0.136610 0.724705 -0.672705 0.060072
1783518659.964569 pano/1783518659.964569.jpg 3323288.593446 5580886.973903 168.725857 0.119281 0.698223 -0.681768 -0.182890
1783518661.163804 pano/1783518661.163804.jpg 3323287.524510 5580887.576323 168.641823 -0.387298 -0.580624 0.601399 0.388839
1783518661.663492 pano/1783518661.663492.jpg 3323287.237812 5580888.017018 168.661703 0.409908 0.595241 -0.593892 -0.353491
1783518663.262494 pano/1783518663.262494.jpg 3323286.059700 5580888.966263 168.785541 0.387126 0.618204 -0.560186 -0.392619
1783518664.361809 pano/1783518664.361809.jpg 3323285.162557 5580889.296043 168.744792 0.399611 0.572194 -0.542792 -0.467207
1783518666.260626 pano/1783518666.260626.jpg 3323284.710172 5580890.509024 168.799235 -0.536994 -0.448340 0.455193 0.550843
1783518666.860250 pano/1783518666.860250.jpg 3323284.703569 5580891.156554 168.806820 -0.570357 -0.416058 0.421527 0.569125
1783518667.659752 pano/1783518667.659752.jpg 3323284.856449 5580892.127598 168.779491 -0.522525 -0.501148 0.474699 0.500479
1783518669.158816 pano/1783518669.158816.jpg 3323284.008739 5580893.544804 168.768865 0.193190 0.718605 -0.646846 -0.166961
1783518670.158197 pano/1783518670.158197.jpg 3323282.991741 5580894.011495 168.752710 0.097148 0.714909 -0.688469 -0.074006
1783518671.157599 pano/1783518671.157599.jpg 3323282.132301 5580894.305624 168.733647 0.155600 0.696231 -0.690772 -0.117833
1783518672.356823 pano/1783518672.356823.jpg 3323281.027112 5580894.980368 168.669870 0.173126 0.700526 -0.680137 -0.129246
1783518673.156324 pano/1783518673.156324.jpg 3323280.394610 5580895.509560 168.684688 0.107006 0.724181 -0.680184 -0.038236
1783518673.855889 pano/1783518673.855889.jpg 3323279.775486 5580895.808733 168.701852 0.029754 0.740925 -0.670140 0.032514
1783518675.055140 pano/1783518675.055140.jpg 3323278.744953 5580895.550948 168.629271 -0.235625 0.704557 -0.635442 0.210460
1783518676.354329 pano/1783518676.354329.jpg 3323278.268554 5580894.280009 168.587478 -0.498688 0.536964 -0.507011 0.453783
1783518677.153830 pano/1783518677.153830.jpg 3323278.230945 5580893.441873 168.576517 0.513770 -0.505385 0.485413 -0.494975
1783518677.853395 pano/1783518677.853395.jpg 3323278.128165 5580892.745782 168.579730 -0.507365 0.555941 -0.512711 0.413084
1783518679.352459 pano/1783518679.352459.jpg 3323278.153298 5580891.090951 168.645625 0.514656 -0.509904 0.499830 -0.474655
1783518680.052026 pano/1783518680.052026.jpg 3323278.199460 5580890.303064 168.637517 -0.529624 0.465754 -0.464073 0.535917
1783518681.251274 pano/1783518681.251274.jpg 3323278.306976 5580889.078028 168.644036 0.547104 -0.477724 0.476810 -0.495084
1783518683.250026 pano/1783518683.250026.jpg 3323277.955742 5580887.000637 168.640057 -0.583621 0.421173 -0.356305 0.595857
1783518684.149465 pano/1783518684.149465.jpg 3323277.880035 5580886.188656 168.701841 -0.627641 0.377613 -0.309520 0.606360
1783518686.248157 pano/1783518686.248157.jpg 3323278.816329 5580884.494175 168.697477 -0.737675 0.080410 -0.055235 0.668071
1783518686.847783 pano/1783518686.847783.jpg 3323279.415338 5580884.344275 168.709054 -0.726468 0.063747 -0.042055 0.682944
1783518688.146975 pano/1783518688.146975.jpg 3323280.441467 5580883.947267 168.697885 -0.684891 0.203287 -0.171537 0.678361
1783518689.046413 pano/1783518689.046413.jpg 3323281.186808 5580883.476104 168.688109 -0.655633 0.234978 -0.232854 0.678756
1783518690.145728 pano/1783518690.145728.jpg 3323282.162165 5580883.329367 168.665405 -0.726382 -0.001692 0.010171 0.687214
1783518692.244419 pano/1783518692.244419.jpg 3323284.456654 5580883.031107 168.740780 -0.679319 0.189977 -0.240645 0.666726
1783518694.043296 pano/1783518694.043296.jpg 3323285.440805 5580881.360757 168.736032 -0.599410 0.410841 -0.446404 0.522150
1783518695.442424 pano/1783518695.442424.jpg 3323285.697577 5580879.833123 168.669539 -0.615581 0.371046 -0.354328 0.598194
1783518696.941488 pano/1783518696.941488.jpg 3323286.543357 5580878.372905 168.851288 -0.738342 0.150247 -0.122836 0.645902
1783518697.641053 pano/1783518697.641053.jpg 3323287.027918 5580877.798721 168.890589 -0.722873 0.082950 -0.059134 0.683431
1783518699.140118 pano/1783518699.140118.jpg 3323288.358072 5580877.034037 168.859146 -0.724323 0.070341 -0.063622 0.682906
1783518699.839681 pano/1783518699.839681.jpg 3323288.990928 5580876.673298 168.893840 -0.710548 0.156485 -0.151205 0.669157
1783518700.739120 pano/1783518700.739120.jpg 3323289.856313 5580876.128350 168.892477 -0.718377 0.101253 -0.146840 0.672399
1783518701.838435 pano/1783518701.838435.jpg 3323290.651606 5580875.153334 168.895984 -0.662347 0.277130 -0.289273 0.633101
1783518703.137625 pano/1783518703.137625.jpg 3323291.301185 5580873.894062 168.866136 -0.565652 0.423724 -0.449833 0.546027
1783518704.336877 pano/1783518704.336877.jpg 3323291.560538 5580872.640449 168.839130 0.416216 -0.564103 0.586856 -0.405157
1783518705.736004 pano/1783518705.736004.jpg 3323291.173721 5580871.106698 168.846580 -0.356991 0.612508 -0.603630 0.364722
1783518707.135132 pano/1783518707.135132.jpg 3323290.614167 5580869.621097 168.829841 -0.371439 0.632387 -0.586673 0.343415
1783518708.734133 pano/1783518708.734133.jpg 3323289.740276 5580867.998003 168.892481 -0.358084 0.625240 -0.573149 0.390322
1783518710.133261 pano/1783518710.133261.jpg 3323288.559569 5580867.643763 168.940871 -0.016177 0.714974 -0.698916 0.008151
1783518710.732887 pano/1783518710.732887.jpg 3323287.898616 5580867.557241 168.931021 0.062965 0.710190 -0.697834 -0.068510
1783518711.832201 pano/1783518711.832201.jpg 3323286.476377 5580867.460282 168.938855 0.058494 0.725863 -0.682157 -0.066056
1783518713.031458 pano/1783518713.031458.jpg 3323285.284522 5580867.147152 168.975844 0.211116 -0.668806 0.678198 -0.219492
1783518713.830955 pano/1783518713.830955.jpg 3323284.770977 5580866.595603 168.973896 0.442410 -0.507489 0.600861 -0.430922
1783518715.230083 pano/1783518715.230083.jpg 3323283.195430 5580866.494140 168.895220 -0.086538 0.733680 -0.672909 0.037669
1783518715.729776 pano/1783518715.729776.jpg 3323282.633735 5580866.690288 168.910740 -0.030609 0.755589 -0.654330 0.000475
1783518716.829085 pano/1783518716.829085.jpg 3323281.405365 5580866.734874 168.854557 -0.225665 0.727892 -0.620327 0.185586
1783518717.528648 pano/1783518717.528648.jpg 3323280.771054 5580866.248480 168.834771 -0.379426 0.641138 -0.604200 0.282702
1783518719.127664 pano/1783518719.127664.jpg 3323280.334119 5580864.467534 168.829732 -0.497155 0.538702 -0.486234 0.475619
1783518721.326280 pano/1783518721.326280.jpg 3323280.381262 5580862.327185 168.853988 -0.466972 0.534217 -0.526952 0.467836
1783518721.925907 pano/1783518721.925907.jpg 3323280.372302 5580861.794564 168.942468 0.470704 -0.526631 0.534289 -0.464363
1783518723.225096 pano/1783518723.225096.jpg 3323280.654788 5580860.368238 168.862109 0.450396 -0.516371 0.594644 -0.420599
1783518725.323787 pano/1783518725.323787.jpg 3323279.460410 5580859.418627 168.514636 0.000683 0.728962 -0.683986 -0.027872
1783518725.923414 pano/1783518725.923414.jpg 3323278.922723 5580859.813602 168.665900 0.103312 0.708186 -0.690110 -0.107458
1783518727.122669 pano/1783518727.122669.jpg 3323277.973468 5580860.922661 168.787549 0.205473 0.706601 -0.653555 -0.177092
1783518727.922171 pano/1783518727.922171.jpg 3323277.440853 5580861.653451 168.754969 0.288917 0.663088 -0.610113 -0.323424
1783518729.121422 pano/1783518729.121422.jpg 3323277.182722 5580863.043861 168.576024 0.464548 0.562649 -0.528287 -0.434205
1783518729.820986 pano/1783518729.820986.jpg 3323277.032039 5580863.971159 168.652830 0.398990 0.600090 -0.539191 -0.435858
1783518731.120175 pano/1783518731.120175.jpg 3323276.665574 5580865.705808 168.704850 0.368476 0.625941 -0.528143 -0.439874
1783518732.219490 pano/1783518732.219490.jpg 3323275.835820 5580867.131869 168.673857 0.248972 0.703781 -0.600535 -0.286467
1783518734.218244 pano/1783518734.218244.jpg 3323273.446294 5580868.409935 168.708354 -0.031819 0.729755 -0.682859 0.012183
1783518735.617373 pano/1783518735.617373.jpg 3323271.882471 5580869.262256 168.610392 0.042740 0.726881 -0.682244 -0.066029
1783518737.316313 pano/1783518737.316313.jpg 3323270.257480 5580870.795773 168.664396 0.125420 0.734901 -0.650800 -0.143699
1783518738.415627 pano/1783518738.415627.jpg 3323269.274241 5580871.872230 168.578409 0.119862 0.741150 -0.649306 -0.121371
1783518739.614880 pano/1783518739.614880.jpg 3323267.901539 5580872.634844 168.575627 0.078233 0.721138 -0.675629 -0.131773
1783518741.014007 pano/1783518741.014007.jpg 3323266.156357 5580873.221098 168.542633 0.207734 0.689278 -0.657295 -0.222948
1783518741.713571 pano/1783518741.713571.jpg 3323265.207826 5580873.347361 168.528257 0.175002 0.713227 -0.651685 -0.189708
1783518742.912827 pano/1783518742.912827.jpg 3323263.564465 5580873.340178 168.464358 0.138745 0.710996 -0.670703 -0.159350
1783518743.712325 pano/1783518743.712325.jpg 3323262.500756 5580873.387560 168.439708 0.180702 0.689991 -0.666258 -0.217621
1783518744.911577 pano/1783518744.911577.jpg 3323261.067020 5580873.694294 168.442013 0.283939 0.658977 -0.634398 -0.287520
1783518745.811016 pano/1783518745.811016.jpg 3323260.009858 5580874.144189 168.295466 0.329086 0.636625 -0.624714 -0.310069
1783518746.510581 pano/1783518746.510581.jpg 3323259.257733 5580874.756934 168.162732 0.298180 0.651069 -0.605773 -0.346753
1783518747.509958 pano/1783518747.509958.jpg 3323258.352399 5580875.702460 168.133263 0.307562 0.642436 -0.602133 -0.360717
1783518749.308840 pano/1783518749.308840.jpg 3323257.552357 5580876.481914 167.211221 -0.022159 0.710341 -0.696517 0.098941
1783518754.705471 pano/1783518754.705471.jpg 3323257.609891 5580876.478942 167.132911 -0.025212 0.719251 -0.692441 0.050664
1783518758.303229 pano/1783518758.303229.jpg 3323256.518158 5580876.197933 167.937694 0.017267 0.726350 -0.685653 0.044690
1783518760.202046 pano/1783518760.202046.jpg 3323255.011793 5580874.175009 167.838603 -0.582905 0.418275 -0.405462 0.566452
1783518761.001554 pano/1783518761.001554.jpg 3323255.182360 5580873.019295 167.856050 -0.625771 0.359710 -0.333067 0.606701
1783518762.000925 pano/1783518762.000925.jpg 3323255.633420 5580871.521197 167.804506 -0.636199 0.310086 -0.328388 0.625506
1783518762.600552 pano/1783518762.600552.jpg 3323255.983432 5580870.674267 167.787297 -0.654139 0.314511 -0.308443 0.614856
1783518763.400055 pano/1783518763.400055.jpg 3323256.540632 5580869.536498 167.716525 -0.665163 0.207837 -0.279906 0.660314
1783518765.198932 pano/1783518765.198932.jpg 3323258.116538 5580867.227557 167.728901 -0.699632 0.154817 -0.187818 0.671767
1783518765.898495 pano/1783518765.898495.jpg 3323258.830704 5580866.536627 167.766647 -0.684666 0.188012 -0.229325 0.665803
1783518767.297624 pano/1783518767.297624.jpg 3323260.199901 5580865.050832 167.837880 -0.722988 0.022986 -0.099111 0.683328
1783518767.697374 pano/1783518767.697374.jpg 3323260.576150 5580864.664395 167.834681 -0.727794 -0.040038 -0.062549 0.681763
1783518768.496875 pano/1783518768.496875.jpg 3323261.182472 5580863.754498 167.870998 -0.724365 -0.063443 -0.009083 0.686431
1783518770.295754 pano/1783518770.295754.jpg 3323262.612180 5580861.568785 167.784778 -0.717629 0.117843 -0.197566 0.657336
1783518770.795442 pano/1783518770.795442.jpg 3323262.959235 5580860.912864 167.756422 -0.706939 0.152906 -0.200428 0.660822
1783518771.794819 pano/1783518771.794819.jpg 3323263.628131 5580859.564307 167.779008 -0.653624 0.229115 -0.237770 0.680990
1783518773.293886 pano/1783518773.293886.jpg 3323264.926572 5580857.731684 167.814219 -0.680533 0.227407 -0.231472 0.656948
1783518774.093387 pano/1783518774.093387.jpg 3323265.732206 5580856.837625 167.831884 -0.676351 0.202793 -0.252380 0.661610
1783518775.192701 pano/1783518775.192701.jpg 3323266.815558 5580855.670335 167.850823 -0.699007 0.157988 -0.226630 0.659597
1783518776.292017 pano/1783518776.292017.jpg 3323268.129504 5580854.596333 167.918824 -0.696175 0.178511 -0.217622 0.660390
1783518777.091518 pano/1783518777.091518.jpg 3323269.016590 5580853.799507 167.983501 -0.668043 0.198390 -0.206961 0.686678
1783518778.090895 pano/1783518778.090895.jpg 3323270.057133 5580852.859267 168.050371 -0.706432 0.174421 -0.195201 0.657592
1783518779.290147 pano/1783518779.290147.jpg 3323271.446015 5580851.934393 168.115759 -0.685387 0.177874 -0.199250 0.677425
1783518780.589336 pano/1783518780.589336.jpg 3323273.063380 5580851.113133 168.185043 -0.692602 0.149897 -0.208481 0.674069
1783518781.488775 pano/1783518781.488775.jpg 3323274.177237 5580850.454401 168.277046 -0.695205 0.135766 -0.175207 0.683784
1783518782.987843 pano/1783518782.987843.jpg 3323276.141935 5580849.664954 168.375890 -0.701823 0.012441 -0.046791 0.710704
1783518784.187093 pano/1783518784.187093.jpg 3323277.690731 5580849.316432 168.607637 -0.697685 -0.176509 0.075113 0.690245
1783518784.986596 pano/1783518784.986596.jpg 3323278.645836 5580849.130046 168.686199 -0.653482 -0.299633 0.191181 0.668305
1783518785.586221 pano/1783518785.586221.jpg 3323279.325902 5580848.879695 168.750141 -0.672375 -0.249304 0.123731 0.685893
1783518786.485663 pano/1783518786.485663.jpg 3323280.165479 5580848.374416 168.813252 -0.685747 -0.300974 0.172260 0.639916
1783518787.485037 pano/1783518787.485037.jpg 3323280.937938 5580847.329778 168.814850 -0.769392 -0.058362 -0.070698 0.632164
1783518789.283916 pano/1783518789.283916.jpg 3323282.606562 5580845.684300 168.632731 -0.646270 0.162657 -0.291310 0.686307
1783518790.483169 pano/1783518790.483169.jpg 3323283.973556 5580844.916393 168.648561 -0.623453 0.222380 -0.338009 0.669031
1783518791.882297 pano/1783518791.882297.jpg 3323285.464561 5580843.648412 168.706443 -0.630007 0.229983 -0.375663 0.639591
1783518792.981613 pano/1783518792.981613.jpg 3323286.367564 5580842.474521 168.771277 -0.605010 0.334997 -0.396241 0.603931
1783518793.381363 pano/1783518793.381363.jpg 3323286.668323 5580842.061994 168.817877 -0.596697 0.362075 -0.406134 0.589839
1783518794.580615 pano/1783518794.580615.jpg 3323287.375251 5580840.523030 168.688093 -0.586616 0.345818 -0.477901 0.554890
1783518796.179619 pano/1783518796.179619.jpg 3323287.707083 5580839.694606 167.900957 -0.621919 0.352431 -0.374863 0.590327
1783518801.176505 pano/1783518801.176505.jpg 3323287.724196 5580839.671697 167.885735 -0.618043 0.353683 -0.385938 0.586501
1783518805.273954 pano/1783518805.273954.jpg 3323289.138880 5580841.779516 168.768044 -0.655898 -0.281689 0.280932 0.641504
1783518806.173392 pano/1783518806.173392.jpg 3323289.798306 5580842.958361 168.839354 -0.573811 -0.366157 0.351422 0.642785
1783518808.172146 pano/1783518808.172146.jpg 3323290.131206 5580845.073277 169.083776 -0.557185 -0.454306 0.453987 0.526352
1783518808.971648 pano/1783518808.971648.jpg 3323290.117561 5580845.848066 169.109206 -0.568149 -0.464899 0.436115 0.520460
1783518811.170278 pano/1783518811.170278.jpg 3323291.072351 5580847.396707 168.463436 -0.653868 -0.236426 0.248730 0.674309
1783518812.269592 pano/1783518812.269592.jpg 3323292.271950 5580848.088990 168.890515 -0.669016 -0.216109 0.268494 0.658502
1783518813.069094 pano/1783518813.069094.jpg 3323293.160679 5580848.623445 169.098163 -0.643375 -0.320265 0.327115 0.613592
1783518814.268346 pano/1783518814.268346.jpg 3323294.178261 5580849.814813 169.070732 -0.611543 -0.398182 0.366371 0.577268
1783518815.567537 pano/1783518815.567537.jpg 3323294.666493 5580850.691460 169.012834 -0.588054 -0.437862 0.429174 0.527521
1783518817.066611 pano/1783518817.066611.jpg 3323294.907000 5580851.322650 168.955991 0.511471 0.510250 -0.485079 -0.492688
1783518818.365793 pano/1783518818.365793.jpg 3323295.126754 5580851.850570 168.712012 -0.561199 -0.476198 0.421995 0.529350
1783518819.365170 pano/1783518819.365170.jpg 3323295.623426 5580852.837601 168.740013 -0.562037 -0.472090 0.441864 0.515754
1783518820.864237 pano/1783518820.864237.jpg 3323296.035774 5580854.384135 168.885070 -0.589615 -0.408427 0.404642 0.567280
1783518821.563799 pano/1783518821.563799.jpg 3323296.315525 5580855.083009 168.816696 -0.629355 -0.324842 0.339961 0.618722
1783518823.162803 pano/1783518823.162803.jpg 3323297.479661 5580856.879700 168.618779 -0.658055 -0.336174 0.270449 0.617096
1783518824.561931 pano/1783518824.561931.jpg 3323298.372075 5580858.309741 168.686215 -0.705453 -0.151936 0.180427 0.668355
1783518825.861122 pano/1783518825.861122.jpg 3323298.541692 5580859.745060 168.784016 -0.600500 -0.429123 0.374070 0.561538
1783518826.960439 pano/1783518826.960439.jpg 3323298.914918 5580860.604068 168.769731 -0.609311 -0.405690 0.414674 0.540557
1783518828.259628 pano/1783518828.259628.jpg 3323299.639484 5580861.752316 168.867120 -0.617656 -0.373725 0.348595 0.597756
1783518828.859254 pano/1783518828.859254.jpg 3323299.986494 5580862.158755 168.910464 -0.636883 -0.323661 0.319389 0.622587
1783518829.658754 pano/1783518829.658754.jpg 3323300.541114 5580862.683054 168.885187 -0.617845 -0.356449 0.349720 0.607378
1783518830.858007 pano/1783518830.858007.jpg 3323301.738472 5580863.339479 168.708913 -0.680758 -0.252624 0.258408 0.637162
1783518831.457635 pano/1783518831.457635.jpg 3323302.249224 5580863.750941 168.892635 -0.708121 -0.262410 0.237872 0.610837
1783518832.856763 pano/1783518832.856763.jpg 3323303.402374 5580865.085890 168.994825 -0.682017 -0.267999 0.259890 0.628877
1783518833.656267 pano/1783518833.656267.jpg 3323304.106131 5580865.639571 169.031543 -0.658393 -0.307801 0.296038 0.619789
1783518835.055402 pano/1783518835.055402.jpg 3323304.875009 5580867.070206 169.076287 -0.578088 -0.442702 0.406610 0.551814
1783518835.854894 pano/1783518835.854894.jpg 3323305.150858 5580867.983494 169.096474 -0.586953 -0.436945 0.373831 0.569926
1783518836.754344 pano/1783518836.754344.jpg 3323305.448892 5580869.039380 169.124827 -0.616522 -0.373367 0.339429 0.604389
1783518838.153462 pano/1783518838.153462.jpg 3323305.820064 5580870.585312 169.091504 -0.636611 -0.328854 0.325651 0.616873
1783518839.452652 pano/1783518839.452652.jpg 3323306.527656 5580871.982096 168.990018 -0.656306 -0.270527 0.273556 0.649034
1783518840.851780 pano/1783518840.851780.jpg 3323307.301325 5580873.242758 169.150089 -0.598600 -0.361079 0.329971 0.634365
1783518842.150969 pano/1783518842.150969.jpg 3323307.962226 5580874.588739 169.144051 -0.639603 -0.315952 0.296111 0.635138
1783518842.950473 pano/1783518842.950473.jpg 3323308.495515 5580875.325046 169.175088 -0.629696 -0.338334 0.327378 0.617929
1783518844.249663 pano/1783518844.249663.jpg 3323309.372550 5580876.625268 169.182086 -0.617799 -0.376618 0.334433 0.603852
1783518844.749352 pano/1783518844.749352.jpg 3323309.699164 5580877.111656 169.100038 -0.641804 -0.326111 0.295907 0.627836
1783518845.648791 pano/1783518845.648791.jpg 3323310.435081 5580877.920032 168.928712 -0.652849 -0.295597 0.298087 0.630519
1783518846.947983 pano/1783518846.947983.jpg 3323311.295596 5580879.019031 168.998284 -0.660127 -0.248011 0.320698 0.632357
1783518847.747486 pano/1783518847.747486.jpg 3323311.788121 5580879.593258 169.229825 -0.642267 -0.230006 0.294262 0.669328
1783518848.946740 pano/1783518848.946740.jpg 3323312.437490 5580880.461136 169.411714 -0.580211 -0.393845 0.372609 0.607786
1783518850.245929 pano/1783518850.245929.jpg 3323312.468998 5580881.296566 169.365708 -0.567082 -0.461353 0.447243 0.515310
1783518851.345245 pano/1783518851.345245.jpg 3323312.186198 5580881.994100 169.073341 -0.658785 -0.308869 0.393058 0.562235
1783518852.744378 pano/1783518852.744378.jpg 3323312.796440 5580882.496086 168.988345 -0.743282 -0.012712 0.004741 0.668841
1783518854.543254 pano/1783518854.543254.jpg 3323314.024349 5580882.705214 169.067783 -0.705142 -0.232023 0.233908 0.627875
1783518855.942383 pano/1783518855.942383.jpg 3323314.408073 5580883.818268 169.250364 -0.471236 -0.531087 0.569814 0.413757
1783518857.041699 pano/1783518857.041699.jpg 3323314.471668 5580884.362847 169.263770 0.261651 0.690438 -0.625621 -0.251855
1783518857.741262 pano/1783518857.741262.jpg 3323313.902476 5580884.854606 169.001038 0.243647 0.694780 -0.647985 -0.195019
1783518858.640702 pano/1783518858.640702.jpg 3323313.198175 5580885.417704 169.007358 0.143003 0.709730 -0.656072 -0.213078
1783518859.640084 pano/1783518859.640084.jpg 3323312.764950 5580885.686543 169.086010 0.193246 0.693881 -0.630431 -0.289383
1783518860.839332 pano/1783518860.839332.jpg 3323312.349700 5580886.102155 169.112590 0.276122 0.701638 -0.603817 -0.258584
1783518862.638213 pano/1783518862.638213.jpg 3323311.536401 5580886.543958 169.382409 -0.351116 -0.626291 0.630139 0.295636
1783518863.837465 pano/1783518863.837465.jpg 3323310.816083 5580887.048934 169.346428 0.279771 0.695638 -0.641979 -0.160245
1783518864.936781 pano/1783518864.936781.jpg 3323310.088081 5580887.857950 169.369345 0.290571 0.660721 -0.636831 -0.271038
1783518866.835596 pano/1783518866.835596.jpg 3323309.532428 5580889.486247 169.569783 0.286332 0.678501 -0.629072 -0.248835
1783518867.535162 pano/1783518867.535162.jpg 3323309.248766 5580890.071744 169.583492 0.327006 0.651789 -0.626389 -0.275455
1783518868.834354 pano/1783518868.834354.jpg 3323308.425996 5580891.129478 169.637135 -0.284381 -0.645204 0.666112 0.243175
1783518870.033604 pano/1783518870.033604.jpg 3323307.485653 5580891.932127 169.679513 0.208628 0.699016 -0.654527 -0.198611
1783518870.933044 pano/1783518870.933044.jpg 3323306.861688 5580892.425896 169.839060 0.121722 0.716459 -0.680728 -0.092086
1783518872.931798 pano/1783518872.931798.jpg 3323305.229337 5580891.988026 169.860227 0.092435 -0.700660 0.703805 -0.072035
1783518874.230989 pano/1783518874.230989.jpg 3323304.503010 5580891.617077 169.727278 -0.101347 0.718086 -0.678484 0.117226
1783518875.430242 pano/1783518875.430242.jpg 3323304.414276 5580890.663805 169.592135 0.263893 -0.652078 0.659393 -0.265246
1783518876.829370 pano/1783518876.829370.jpg 3323303.571772 5580890.105923 169.543311 -0.031582 -0.704437 0.705578 -0.070217
1783518877.329059 pano/1783518877.329059.jpg 3323303.092451 5580890.036941 169.485082 -0.044611 -0.693836 0.715998 0.062829
1783518878.428374 pano/1783518878.428374.jpg 3323302.067497 5580890.188136 169.476333 0.203445 0.681966 -0.674816 -0.195338
1783518879.627627 pano/1783518879.627627.jpg 3323301.325361 5580890.309950 169.398872 0.410225 0.552577 -0.543499 -0.480607
1783518881.226631 pano/1783518881.226631.jpg 3323301.992444 5580889.580747 169.356594 -0.708432 0.053368 -0.074093 0.699848
1783518882.226010 pano/1783518882.226010.jpg 3323302.798241 5580889.103896 169.359906 -0.657574 0.242658 -0.258101 0.664904
1783518883.225393 pano/1783518883.225393.jpg 3323303.663732 5580888.323504 169.362798 -0.636050 0.288322 -0.256425 0.668249
1783518883.825012 pano/1783518883.825012.jpg 3323304.312616 5580887.759866 169.370368 -0.650557 0.276834 -0.267041 0.654849
1783518884.524577 pano/1783518884.524577.jpg 3323304.963681 5580887.117116 169.331282 -0.641849 0.335676 -0.316808 0.612360
1783518885.623892 pano/1783518885.623892.jpg 3323305.734544 5580885.919014 169.238769 -0.607107 0.400400 -0.382597 0.569842
1783518886.623269 pano/1783518886.623269.jpg 3323306.253681 5580884.569208 168.971056 -0.551288 0.425403 -0.446512 0.561908
1783518888.122336 pano/1783518888.122336.jpg 3323306.638452 5580882.563536 169.076080 -0.630583 0.399465 -0.339963 0.572030
1783518889.021775 pano/1783518889.021775.jpg 3323307.324500 5580881.642314 169.041505 -0.676210 0.290944 -0.285861 0.613494
1783518890.520842 pano/1783518890.520842.jpg 3323308.546796 5580880.418444 169.015412 -0.705271 0.266509 -0.230639 0.615119
1783518892.019907 pano/1783518892.019907.jpg 3323309.396635 5580878.999361 169.130979 -0.642143 0.350909 -0.288568 0.617449
1783518892.919346 pano/1783518892.919346.jpg 3323309.923334 5580877.965938 169.108860 -0.707268 0.225772 -0.246412 0.622961
1783518894.018661 pano/1783518894.018661.jpg 3323310.927246 5580876.973159 169.186334 -0.707189 0.158535 -0.168559 0.668085
1783518895.717603 pano/1783518895.717603.jpg 3323312.788483 5580876.355414 169.311992 -0.748701 0.154020 -0.127225 0.632091
1783518896.417167 pano/1783518896.417167.jpg 3323313.638706 5580876.063350 169.223787 -0.772086 0.041615 -0.107764 0.624931
1783518897.616421 pano/1783518897.616421.jpg 3323314.506046 5580875.760747 169.446687 -0.748811 0.120068 -0.110016 0.642466
1783518898.815674 pano/1783518898.815674.jpg 3323315.527417 5580875.145598 169.405458 -0.754825 0.100078 -0.073798 0.644032
1783518900.114864 pano/1783518900.114864.jpg 3323316.874204 5580874.946782 169.150821 -0.749787 -0.160347 0.139183 0.626687
1783518900.814429 pano/1783518900.814429.jpg 3323317.725380 5580875.347368 169.405337 -0.715536 -0.178163 0.175549 0.652264
1783518901.913744 pano/1783518901.913744.jpg 3323319.000373 5580875.887711 169.591061 -0.675293 -0.245403 0.241434 0.652277
1783518902.613310 pano/1783518902.613310.jpg 3323319.812767 5580875.999674 169.632395 -0.686681 -0.211880 0.179288 0.671887
1783518903.812561 pano/1783518903.812561.jpg 3323321.115192 5580875.801200 169.711459 -0.692710 -0.059322 0.042550 0.717512
1783518905.111752 pano/1783518905.111752.jpg 3323322.349263 5580875.338163 169.727257 -0.699700 0.109748 -0.138298 0.692278
1783518906.610818 pano/1783518906.610818.jpg 3323323.705450 5580874.419729 169.713185 -0.701782 0.096783 -0.121268 0.695291
1783518907.410321 pano/1783518907.410321.jpg 3323324.394011 5580874.017204 169.811541 -0.673348 0.179949 -0.211051 0.685331
1783518908.709510 pano/1783518908.709510.jpg 3323325.150212 5580873.147657 169.927381 -0.624112 0.357349 -0.337676 0.607256
1783518909.309136 pano/1783518909.309136.jpg 3323325.439162 5580872.594273 169.808408 -0.676936 0.266821 -0.258390 0.635452
1783518911.008079 pano/1783518911.008079.jpg 3323326.810828 5580871.296045 169.765236 -0.734096 0.054307 -0.115046 0.667022
1783518912.207333 pano/1783518912.207333.jpg 3323328.006112 5580871.015091 169.841383 -0.725408 -0.103605 0.083136 0.675380
1783518912.707020 pano/1783518912.707020.jpg 3323328.515286 5580871.080643 169.895248 -0.728922 -0.084877 0.030731 0.678619
1783518914.206087 pano/1783518914.206087.jpg 3323329.728273 5580872.004385 169.935736 -0.621035 -0.333751 0.317075 0.634342
1783518915.205464 pano/1783518915.205464.jpg 3323330.258168 5580872.920880 169.908245 -0.582935 -0.432410 0.368522 0.580862
1783518915.705153 pano/1783518915.705153.jpg 3323330.419130 5580873.472115 169.921358 -0.610554 -0.418018 0.350536 0.574116
1783518916.404717 pano/1783518916.404717.jpg 3323330.624596 5580874.308263 169.865429 -0.616469 -0.405846 0.341242 0.582073
1783518917.504032 pano/1783518917.504032.jpg 3323331.158117 5580875.052657 169.769634 -0.696990 -0.164169 0.104135 0.690224
1783518919.202973 pano/1783518919.202973.jpg 3323332.465598 5580874.981178 169.626886 -0.680233 0.179709 -0.232259 0.671598
1783518920.302289 pano/1783518920.302289.jpg 3323333.258677 5580874.675972 169.592962 -0.635946 0.313636 -0.354154 0.609738
1783518921.301668 pano/1783518921.301668.jpg 3323333.932777 5580874.044513 169.690682 -0.625015 0.338926 -0.410338 0.571059
1783518922.301044 pano/1783518922.301044.jpg 3323334.776748 5580873.529786 169.707329 -0.612596 0.332318 -0.361819 0.619175
1783518923.400362 pano/1783518923.400362.jpg 3323335.244315 5580872.766061 169.720591 -0.461919 0.512751 -0.495174 0.527750
1783518924.699551 pano/1783518924.699551.jpg 3323335.527054 5580871.463331 169.783414 -0.443374 0.581993 -0.568604 0.376023
1783518925.598990 pano/1783518925.598990.jpg 3323335.164576 5580870.725542 169.906096 -0.460464 0.550593 -0.532574 0.448538
1783518926.998128 pano/1783518926.998128.jpg 3323335.199523 5580869.604361 170.239968 -0.644778 0.272592 -0.327063 0.634810
1783518927.697683 pano/1783518927.697683.jpg 3323335.351617 5580869.067375 170.260977 -0.649781 0.254774 -0.302216 0.649261
1783518929.096812 pano/1783518929.096812.jpg 3323335.989829 5580868.256805 170.229358 -0.691158 0.210514 -0.267933 0.637335
1783518930.196127 pano/1783518930.196127.jpg 3323336.849189 5580867.826409 170.094757 -0.687132 0.194580 -0.284733 0.639465
1783518932.094944 pano/1783518932.094944.jpg 3323338.023122 5580866.891514 170.006295 -0.699959 0.233456 -0.208501 0.641937
1783518933.394135 pano/1783518933.394135.jpg 3323338.430638 5580866.029197 170.018159 -0.577916 0.409904 -0.465523 0.530359
1783518934.393531 pano/1783518934.393531.jpg 3323338.390152 5580865.178064 169.921012 0.358404 -0.626680 0.639297 -0.264801
1783518935.792641 pano/1783518935.792641.jpg 3323338.574958 5580863.775486 169.679405 0.497743 -0.515558 0.538961 -0.442689
1783518936.592144 pano/1783518936.592144.jpg 3323338.185121 5580862.903949 169.493842 -0.461235 0.591414 -0.535223 0.388623
1783518938.191148 pano/1783518938.191148.jpg 3323338.793132 5580862.303650 169.845715 -0.684410 0.088237 -0.094521 0.717540
1783518939.290463 pano/1783518939.290463.jpg 3323339.646485 5580861.954742 169.763328 -0.726824 0.131067 -0.063938 0.671163
1783518941.089343 pano/1783518941.089343.jpg 3323341.678524 5580862.202827 170.749260 -0.659755 -0.012214 0.010410 0.751309
1783518941.788908 pano/1783518941.788908.jpg 3323342.304713 5580862.206472 170.891909 -0.689231 0.053616 -0.052645 0.720635
1783518943.687726 pano/1783518943.687726.jpg 3323343.200698 5580862.816776 170.804656 -0.641871 -0.069306 0.092142 0.758095
1783518944.986917 pano/1783518944.986917.jpg 3323343.011130 5580863.284526 171.024100 -0.564788 -0.406503 0.375999 0.611878
1783518946.086232 pano/1783518946.086232.jpg 3323342.328979 5580862.772813 171.160707 -0.185804 -0.620060 0.671209 0.361221
1783518946.785797 pano/1783518946.785797.jpg 3323341.580235 5580862.404978 170.901008 -0.032985 -0.646630 0.751541 0.126362
1783518947.985050 pano/1783518947.985050.jpg 3323340.688128 5580861.345850 170.492653 -0.285203 0.666033 -0.650011 0.229229
1783518948.984428 pano/1783518948.984428.jpg 3323340.077189 5580860.498226 170.183375 -0.247874 0.679295 -0.658119 0.209750
1783518949.883868 pano/1783518949.883868.jpg 3323339.353534 5580860.136245 169.961392 0.009547 0.712255 -0.696987 0.082531
1783518951.183059 pano/1783518951.183059.jpg 3323337.938552 5580859.541608 169.989458 -0.123593 0.733986 -0.652059 0.144252
1783518951.982561 pano/1783518951.982561.jpg 3323337.069695 5580859.264065 169.930760 -0.149140 0.722706 -0.646189 0.194660
1783518952.682127 pano/1783518952.682127.jpg 3323336.302537 5580859.281408 169.923233 -0.089107 0.715847 -0.677635 0.142943
1783518954.181192 pano/1783518954.181192.jpg 3323334.613167 5580859.779313 169.930132 -0.010220 0.760039 -0.649794 0.002005
1783518954.780819 pano/1783518954.780819.jpg 3323333.972904 5580860.074270 169.906710 -0.001483 0.737000 -0.675710 0.015642
1783518956.080009 pano/1783518956.080009.jpg 3323332.664691 5580860.326374 169.909302 -0.073439 0.732181 -0.671675 0.085854
1783518956.779573 pano/1783518956.779573.jpg 3323332.057895 5580860.302712 169.943874 -0.006765 0.714294 -0.698068 0.049402
1783518958.178711 pano/1783518958.178711.jpg 3323331.252958 5580859.501469 169.911673 -0.353358 0.652151 -0.602474 0.294724
1783518958.978204 pano/1783518958.978204.jpg 3323330.985825 5580858.927053 169.855340 -0.480623 0.555400 -0.524490 0.430632
1783518960.877022 pano/1783518960.877022.jpg 3323330.485194 5580857.262348 169.674973 -0.426920 0.586520 -0.520782 0.450022
1783518961.776465 pano/1783518961.776465.jpg 3323330.453052 5580856.311574 169.541241 -0.445519 0.555041 -0.494813 0.498600
1783518962.975716 pano/1783518962.975716.jpg 3323330.712306 5580855.191091 169.685753 -0.386680 0.568817 -0.512993 0.513579
1783518964.174969 pano/1783518964.174969.jpg 3323330.250512 5580854.365388 169.791925 0.308621 -0.624171 0.677277 -0.237612
1783518965.873910 pano/1783518965.873910.jpg 3323329.320367 5580853.520139 169.810382 0.340892 -0.573471 0.703398 -0.245265
1783518967.273039 pano/1783518967.273039.jpg 3323329.565938 5580852.960282 169.762331 0.533236 -0.472765 0.572328 -0.405700
1783518968.572230 pano/1783518968.572230.jpg 3323330.133013 5580852.437355 169.793354 -0.680575 0.132029 -0.299596 0.655460
1783518970.171233 pano/1783518970.171233.jpg 3323329.866504 5580853.270988 169.809229 -0.498961 -0.489551 0.419441 0.579178
1783518971.570361 pano/1783518971.570361.jpg 3323328.960095 5580854.435439 169.622717 0.270754 0.701479 -0.618544 -0.228086
1783518972.969488 pano/1783518972.969488.jpg 3323327.879586 5580855.327745 169.603312 0.278807 0.681361 -0.659530 -0.151769
1783518974.568493 pano/1783518974.568493.jpg 3323326.811723 5580856.569082 169.604701 0.246619 0.690048 -0.621043 -0.278063
1783518976.067560 pano/1783518976.067560.jpg 3323325.491915 5580857.233507 169.597949 -0.094782 -0.699932 0.706399 0.045957
1783518976.667187 pano/1783518976.667187.jpg 3323324.852393 5580857.284496 169.498542 0.052469 0.737555 -0.668549 -0.079388
1783518978.266190 pano/1783518978.266190.jpg 3323323.181092 5580857.114935 169.525354 -0.070015 0.705810 -0.704917 0.004715
1783518979.565389 pano/1783518979.565389.jpg 3323322.379580 5580856.957027 169.531888 -0.130089 0.702601 -0.698927 0.030508
1783518981.564139 pano/1783518981.564139.jpg 3323321.162740 5580856.772579 169.383173 0.017754 0.715901 -0.697976 -0.000050
1783518983.562892 pano/1783518983.562892.jpg 3323319.550987 5580856.907775 169.457748 0.143999 0.735095 -0.644173 -0.154728
1783518984.262457 pano/1783518984.262457.jpg 3323318.897290 5580857.227902 169.424569 0.161591 0.729956 -0.647658 -0.146940
1783518984.862083 pano/1783518984.862083.jpg 3323318.394306 5580857.527991 169.404834 0.239714 0.702109 -0.634297 -0.217363
1783518985.661585 pano/1783518985.661585.jpg 3323317.793426 5580858.142259 169.408935 0.205560 0.690899 -0.663836 -0.199311
1783518987.060714 pano/1783518987.060714.jpg 3323316.786669 5580859.268768 169.406279 -0.195854 -0.670135 0.697337 0.162116
1783518988.259967 pano/1783518988.259967.jpg 3323316.110904 5580859.860625 169.385303 0.458079 0.584784 -0.505585 -0.438834
1783518989.259345 pano/1783518989.259345.jpg 3323315.449516 5580860.345702 169.404707 -0.550544 -0.486293 0.425724 0.528374
1783518991.457976 pano/1783518991.457976.jpg 3323313.208487 5580860.537649 169.344734 -0.210345 0.695232 -0.667863 0.162377
1783518992.557292 pano/1783518992.557292.jpg 3323312.752398 5580859.578148 169.258768 -0.453148 0.562227 -0.559068 0.407432
1783518993.256855 pano/1783518993.256855.jpg 3323312.782667 5580858.799529 169.244141 0.552388 -0.456563 0.486662 -0.499577
1783518994.056357 pano/1783518994.056357.jpg 3323312.509044 5580857.961052 169.215044 0.523040 -0.507073 0.491032 -0.477696
1783518994.955796 pano/1783518994.955796.jpg 3323312.084194 5580856.981537 169.208754 -0.449274 0.581893 -0.523995 0.430096
1783518996.354925 pano/1783518996.354925.jpg 3323312.230414 5580855.292406 169.282685 -0.683772 0.266058 -0.269955 0.623533
1783518998.453618 pano/1783518998.453618.jpg 3323311.904454 5580853.329410 169.244905 -0.376726 0.639587 -0.580038 0.335502
1783518999.053245 pano/1783518999.053245.jpg 3323311.796034 5580852.644627 169.242187 -0.488618 0.530627 -0.510403 0.468161
1783519000.152560 pano/1783519000.152560.jpg 3323311.940903 5580851.412424 169.231521 -0.699033 0.253050 -0.271649 0.611167
1783519001.451751 pano/1783519001.451751.jpg 3323312.704154 5580850.256712 169.250760 -0.760025 0.032191 -0.117656 0.638344
1783519002.451128 pano/1783519002.451128.jpg 3323313.675864 5580849.736759 169.276523 -0.740824 -0.059163 0.017973 0.668847
1783519003.050766 pano/1783519003.050766.jpg 3323314.343343 5580849.699878 169.315353 -0.721804 -0.077281 0.052757 0.685742
1783519003.650382 pano/1783519003.650382.jpg 3323315.028217 5580849.671930 169.319324 -0.722452 -0.109523 0.058464 0.680184
1783519005.049511 pano/1783519005.049511.jpg 3323316.588132 5580849.924879 169.412872 -0.689739 -0.054014 0.032776 0.721296
1783519006.448641 pano/1783519006.448641.jpg 3323318.056978 5580849.799723 169.455515 -0.681799 0.105125 -0.176338 0.702142
1783519007.148205 pano/1783519007.148205.jpg 3323318.766417 5580849.553954 169.411353 -0.718179 0.209356 -0.256751 0.611938
1783519007.847770 pano/1783519007.847770.jpg 3323319.213037 5580849.086806 169.393665 -0.659089 0.252079 -0.296274 0.643646
1783519009.346838 pano/1783519009.346838.jpg 3323319.701221 5580847.975768 169.361126 -0.700761 0.296783 -0.286877 0.581855
1783519011.445534 pano/1783519011.445534.jpg 3323321.060492 5580846.988195 169.368639 -0.752637 0.026496 -0.035047 0.656968
1783519013.244411 pano/1783519013.244411.jpg 3323322.660356 5580846.575323 169.606462 -0.728572 0.169052 -0.269290 0.606702
1783519014.343729 pano/1783519014.343729.jpg 3323323.245176 5580845.903149 169.670623 -0.670208 0.287502 -0.349574 0.588185
1783519015.243168 pano/1783519015.243168.jpg 3323323.733577 5580845.354911 169.656872 -0.675308 0.284768 -0.321207 0.599743
1783519016.542358 pano/1783519016.542358.jpg 3323323.893954 5580844.435655 169.552951 0.407341 -0.599813 0.614128 -0.311681
1783519017.441798 pano/1783519017.441798.jpg 3323323.783024 5580843.927777 169.546618 -0.190119 0.713562 -0.656305 0.154751
1783519019.240678 pano/1783519019.240678.jpg 3323322.950423 5580843.363836 169.406998 0.070998 0.724997 -0.682883 -0.054858
1783519019.940243 pano/1783519019.940243.jpg 3323322.365662 5580843.304050 169.308309 0.046922 0.737666 -0.671920 -0.046592
1783519022.238821 pano/1783519022.238821.jpg 3323320.848947 5580843.499759 169.403243 0.245148 0.710898 -0.633163 -0.183386
1783519023.138253 pano/1783519023.138253.jpg 3323319.982988 5580843.515057 169.411893 -0.021384 0.768753 -0.637682 0.043854
1783519023.937756 pano/1783519023.937756.jpg 3323319.311638 5580842.938051 169.398680 -0.201812 0.731473 -0.623181 0.189380
1783519024.637335 pano/1783519024.637335.jpg 3323318.723397 5580842.460017 169.355177 -0.176072 0.699341 -0.669294 0.178792
1783519026.236326 pano/1783519026.236326.jpg 3323317.169175 5580842.021249 169.300089 0.132346 0.745298 -0.645655 -0.100724
1783519027.535515 pano/1783519027.535515.jpg 3323315.687316 5580842.181702 169.095429 0.131797 0.710141 -0.690290 -0.042757
1783519028.235080 pano/1783519028.235080.jpg 3323314.780141 5580842.232433 168.891715 0.099775 0.722140 -0.684496 -0.004894
1783519028.934644 pano/1783519028.934644.jpg 3323313.851250 5580842.154976 169.098330 0.070871 0.729573 -0.680201 -0.005245
1783519029.634208 pano/1783519029.634208.jpg 3323312.923710 5580841.925797 169.154914 -0.021631 0.715655 -0.697588 0.027210
1783519031.033337 pano/1783519031.033337.jpg 3323311.401749 5580841.197928 169.223272 0.043224 -0.688027 0.724312 0.011090
1783519031.832842 pano/1783519031.832842.jpg 3323310.572838 5580840.657403 169.316171 0.026076 -0.702119 0.711196 -0.023444
1783519032.732279 pano/1783519032.732279.jpg 3323309.776715 5580840.208514 169.329950 -0.125761 -0.689901 0.699580 0.137145
1783519033.831594 pano/1783519033.831594.jpg 3323308.572969 5580840.306552 169.370156 0.232017 0.684885 -0.670592 -0.165551
1783519035.030852 pano/1783519035.030852.jpg 3323307.135232 5580840.749160 169.383932 0.259448 0.694352 -0.633905 -0.220744
1783519036.330042 pano/1783519036.330042.jpg 3323305.572022 5580841.066221 169.368280 0.216677 0.686387 -0.665196 -0.198591
1783519037.029603 pano/1783519037.029603.jpg 3323304.685431 5580841.234930 169.327706 0.203931 0.700294 -0.654154 -0.200206
1783519038.328794 pano/1783519038.328794.jpg 3323303.340398 5580841.994170 169.341608 0.306425 0.656363 -0.617820 -0.305924
1783519039.428115 pano/1783519039.428115.jpg 3323302.224815 5580842.822634 169.277231 0.358273 0.597191 -0.585632 -0.414774
1783519040.327553 pano/1783519040.327553.jpg 3323301.825917 5580843.630402 169.281248 0.493278 0.520472 -0.507887 -0.477323
1783519041.326928 pano/1783519041.326928.jpg 3323301.724205 5580844.790050 169.194121 0.433520 0.612203 -0.486578 -0.447783
1783519042.326306 pano/1783519042.326306.jpg 3323301.604655 5580846.147839 169.184842 -0.462203 -0.544478 0.579564 0.392452
1783519043.525559 pano/1783519043.525559.jpg 3323301.192768 5580847.658282 169.067578 0.390515 0.639546 -0.563693 -0.347462
1783519044.025248 pano/1783519044.025248.jpg 3323300.911064 5580848.267432 169.052608 0.392355 0.630585 -0.576754 -0.340257
1783519045.524315 pano/1783519045.524315.jpg 3323299.267878 5580849.601899 168.966951 0.267663 0.715624 -0.612387 -0.203031
1783519047.523071 pano/1783519047.523071.jpg 3323296.824750 5580849.027049 169.045211 -0.220095 0.701936 -0.654392 0.174973
1783519048.022760 pano/1783519048.022760.jpg 3323296.458216 5580848.570381 169.158826 -0.226908 0.691272 -0.654057 0.207039
1783519048.622386 pano/1783519048.622386.jpg 3323296.047216 5580847.954186 169.148953 -0.252305 0.682164 -0.640143 0.247409
1783519050.321329 pano/1783519050.321329.jpg 3323294.804164 5580846.385839 169.138298 -0.319295 0.678793 -0.583820 0.310557
1783519051.420646 pano/1783519051.420646.jpg 3323294.248982 5580844.858262 169.065850 0.444066 -0.552615 0.562748 -0.425131
1783519052.519963 pano/1783519052.519963.jpg 3323293.745083 5580843.631079 169.149078 -0.457002 0.593372 -0.552961 0.365095
1783519054.019045 pano/1783519054.019045.jpg 3323293.393628 5580841.720023 169.100023 0.358554 -0.612928 0.630603 -0.313207
1783519054.918467 pano/1783519054.918467.jpg 3323293.322878 5580840.980717 169.104193 -0.160871 0.704077 -0.665948 0.186841
1783519056.417534 pano/1783519056.417534.jpg 3323292.298772 5580839.809061 168.774777 0.036368 0.727309 -0.677240 -0.105098
1783519057.516850 pano/1783519057.516850.jpg 3323291.162542 5580839.626628 168.812501 -0.099375 -0.696447 0.696610 0.140789
1783519059.515605 pano/1783519059.515605.jpg 3323290.482848 5580839.315846 168.785144 -0.585941 0.418263 -0.384305 0.577961
1783519060.315130 pano/1783519060.315130.jpg 3323291.423715 5580838.523951 168.729804 -0.699945 0.206354 -0.241245 0.639763
1783519061.314486 pano/1783519061.314486.jpg 3323292.675586 5580837.484172 168.762546 -0.674170 0.206357 -0.263498 0.658392
1783519061.914112 pano/1783519061.914112.jpg 3323293.434218 5580836.887204 168.800279 -0.668127 0.181703 -0.258024 0.673805
1783519063.413179 pano/1783519063.413179.jpg 3323295.542776 5580835.554193 168.895326 -0.693549 0.160474 -0.224841 0.665345
1783519064.212686 pano/1783519064.212686.jpg 3323296.649368 5580834.817342 168.994614 -0.684535 0.214029 -0.230948 0.657470
1783519065.112122 pano/1783519065.112122.jpg 3323297.804795 5580833.979142 169.034369 -0.666257 0.210791 -0.245252 0.671952
1783519065.811686 pano/1783519065.811686.jpg 3323298.690762 5580833.323072 169.123396 -0.666016 0.243299 -0.268941 0.651843
1783519067.510628 pano/1783519067.510628.jpg 3323300.853646 5580831.635240 169.591592 -0.630909 0.258724 -0.299446 0.667344
1783519068.010318 pano/1783519068.010318.jpg 3323301.464675 5580831.287555 169.700572 -0.631999 0.296026 -0.317569 0.641947
1783519069.109635 pano/1783519069.109635.jpg 3323302.713247 5580830.521033 169.774034 -0.642531 0.307899 -0.364885 0.599342
1783519069.609322 pano/1783519069.609322.jpg 3323303.356656 5580830.142534 169.767946 -0.654019 0.271677 -0.329064 0.624634
1783519071.508139 pano/1783519071.508139.jpg 3323305.221871 5580828.637634 169.766539 0.303245 -0.610472 0.688040 -0.248933
1783519072.007829 pano/1783519072.007829.jpg 3323305.706969 5580828.233404 169.767589 0.184939 -0.668891 0.694666 -0.189269
1783519073.007207 pano/1783519073.007207.jpg 3323306.694506 5580827.089913 169.740908 -0.489736 0.371277 -0.554881 0.560730
1783519074.506274 pano/1783519074.506274.jpg 3323308.528965 5580825.840749 169.671432 -0.619125 0.251202 -0.401033 0.626701
1783519074.906024 pano/1783519074.906024.jpg 3323309.044379 5580825.575916 169.627604 -0.651470 0.199226 -0.359216 0.637856
1783519076.305158 pano/1783519076.305158.jpg 3323310.893050 5580824.645274 169.389342 -0.725325 0.058247 -0.127142 0.674051
1783519077.104656 pano/1783519077.104656.jpg 3323311.837843 5580824.069664 169.348673 -0.726410 0.057599 -0.103938 0.676910
1783519077.904162 pano/1783519077.904162.jpg 3323312.789243 5580823.491370 169.271515 -0.706599 0.096239 -0.153493 0.684029
1783519078.703661 pano/1783519078.703661.jpg 3323313.773285 5580822.911532 169.330643 -0.707497 0.194481 -0.207477 0.646976
1783519079.603100 pano/1783519079.603100.jpg 3323314.868401 5580822.705253 169.336094 -0.707146 -0.121112 0.044358 0.695204
1783519081.002229 pano/1783519081.002229.jpg 3323316.277849 5580823.232017 169.411019 -0.669028 -0.300031 0.178834 0.656050
1783519082.101545 pano/1783519082.101545.jpg 3323316.737666 5580823.460716 169.475255 -0.666005 -0.304756 0.193982 0.652635
1783519084.400114 pano/1783519084.400114.jpg 3323317.509336 5580821.689641 169.380196 -0.713077 0.140405 -0.216614 0.651833
1783519084.799865 pano/1783519084.799865.jpg 3323317.876752 5580821.282293 169.373013 -0.719641 0.152244 -0.222345 0.639923
1783519085.699306 pano/1783519085.699306.jpg 3323318.700633 5580820.391119 169.430546 -0.690559 0.189339 -0.227504 0.659940
1783519086.598746 pano/1783519086.598746.jpg 3323319.702711 5580819.540030 169.420767 -0.678493 0.188653 -0.238169 0.668829
1783519087.897936 pano/1783519087.897936.jpg 3323321.138737 5580818.251778 169.448476 -0.672871 0.253478 -0.244282 0.650630
1783519088.797378 pano/1783519088.797378.jpg 3323322.053639 5580817.343828 169.439809 -0.681209 0.209290 -0.291742 0.637996
1783519089.996629 pano/1783519089.996629.jpg 3323323.527866 5580816.303978 169.484430 -0.676343 0.184073 -0.260980 0.663752
1783519091.095945 pano/1783519091.095945.jpg 3323324.939964 5580815.406283 169.503028 -0.688031 0.186700 -0.265635 0.648995
1783519092.195263 pano/1783519092.195263.jpg 3323326.297763 5580814.475318 169.526016 -0.684423 0.223188 -0.296233 0.627693
1783519093.194643 pano/1783519093.194643.jpg 3323327.573432 5580813.741815 169.558786 -0.661494 0.249050 -0.321962 0.629873
1783519094.393897 pano/1783519094.393897.jpg 3323328.982241 5580812.860595 169.573077 -0.641867 0.299260 -0.399499 0.582108
1783519095.193398 pano/1783519095.193398.jpg 3323329.773151 5580812.327152 169.570646 -0.573339 0.396598 -0.490816 0.522581
1783519096.092835 pano/1783519096.092835.jpg 3323330.445476 5580811.910080 169.601864 0.425422 -0.533706 0.588344 -0.433618
1783519096.792399 pano/1783519096.792399.jpg 3323330.995405 5580811.394043 169.610748 0.506226 -0.472862 0.552393 -0.463678
1783519098.591279 pano/1783519098.591279.jpg 3323330.512536 5580811.289815 169.656706 -0.199665 0.706002 -0.663824 0.145030
1783519099.890470 pano/1783519099.890470.jpg 3323329.689967 5580811.326526 169.849630 -0.136121 0.764896 -0.629431 0.014871
1783519101.389537 pano/1783519101.389537.jpg 3323330.348264 5580811.117039 169.724976 0.522447 -0.462248 0.536364 -0.475068
1783519102.588794 pano/1783519102.588794.jpg 3323331.376378 5580811.201765 169.685494 0.526502 -0.449489 0.548141 -0.469359
1783519103.588170 pano/1783519103.588170.jpg 3323332.495059 5580810.745958 169.694662 -0.594410 0.392038 -0.475228 0.516857
1783519104.887360 pano/1783519104.887360.jpg 3323334.065282 5580809.761488 169.719187 -0.647636 0.271110 -0.388989 0.596452
1783519105.786800 pano/1783519105.786800.jpg 3323335.335726 5580809.152928 169.770305 -0.690343 0.124859 -0.243161 0.669857
1783519106.986054 pano/1783519106.986054.jpg 3323336.818336 5580808.294043 169.775128 -0.678080 0.180814 -0.276874 0.656395
1783519108.185306 pano/1783519108.185306.jpg 3323338.152671 5580807.259124 169.790993 -0.681983 0.196537 -0.307514 0.633804
1783519108.884871 pano/1783519108.884871.jpg 3323338.960034 5580806.640416 169.839613 -0.676422 0.191026 -0.276725 0.655275
1783519109.984187 pano/1783519109.984187.jpg 3323340.312776 5580805.809786 169.858926 -0.675275 0.126705 -0.236926 0.686888
1783519111.483253 pano/1783519111.483253.jpg 3323342.126428 5580804.746351 169.857576 -0.670323 0.201258 -0.302433 0.647068
1783519112.082880 pano/1783519112.082880.jpg 3323342.875148 5580804.314170 169.860148 -0.667703 0.165498 -0.258172 0.678329
1783519113.382071 pano/1783519113.382071.jpg 3323344.462612 5580803.415436 169.885076 -0.668309 0.210001 -0.285490 0.654033
1783519114.381451 pano/1783519114.381451.jpg 3323345.775418 5580802.694359 169.904979 -0.666289 0.138223 -0.204597 0.703629
1783519114.881140 pano/1783519114.881140.jpg 3323346.376086 5580802.306033 169.916178 -0.664190 0.174925 -0.215229 0.694211
1783519116.280268 pano/1783519116.280268.jpg 3323348.025754 5580801.147017 169.884877 -0.679620 0.163117 -0.260060 0.666243
1783519117.079771 pano/1783519117.079771.jpg 3323348.960607 5580800.507641 169.918317 -0.669187 0.220826 -0.271579 0.655491
1783519118.578836 pano/1783519118.578836.jpg 3323350.375253 5580799.450245 169.852901 0.527591 -0.459288 0.528352 -0.481193
1783519119.278401 pano/1783519119.278401.jpg 3323351.030996 5580799.097740 169.917658 0.400904 -0.560383 0.581443 -0.432634
1783519120.777468 pano/1783519120.777468.jpg 3323351.853153 5580798.480637 169.924035 0.352416 -0.606013 0.624564 -0.344197
1783519122.176597 pano/1783519122.176597.jpg 3323350.707981 5580799.166248 170.186966 -0.221297 0.702818 -0.669801 0.091878
1783519123.575726 pano/1783519123.575726.jpg 3323349.026268 5580800.463684 170.510768 0.146571 0.703302 -0.647416 -0.254434
1783519123.975477 pano/1783519123.975477.jpg 3323348.552260 5580800.754250 170.547774 0.114193 0.711952 -0.631806 -0.284439
1783519125.374606 pano/1783519125.374606.jpg 3323346.788569 5580802.053470 170.575970 0.251279 0.658875 -0.629599 -0.326110
1783519125.874295 pano/1783519125.874295.jpg 3323346.233627 5580802.508771 170.554446 0.177689 0.676365 -0.642427 -0.313440
1783519127.273424 pano/1783519127.273424.jpg 3323344.350021 5580803.767815 170.495107 0.214578 0.674392 -0.608839 -0.358422
1783519128.272802 pano/1783519128.272802.jpg 3323342.947951 5580804.662809 170.483593 0.199281 0.687076 -0.614894 -0.331842
1783519128.972368 pano/1783519128.972368.jpg 3323341.993482 5580805.350110 170.473111 0.183892 0.689755 -0.626788 -0.312343
1783519129.671931 pano/1783519129.671931.jpg 3323341.016179 5580805.992102 170.422157 0.172811 0.677985 -0.642245 -0.313041
1783519130.971122 pano/1783519130.971122.jpg 3323339.204640 5580807.227401 170.376656 0.194414 0.677431 -0.640500 -0.305040
1783519132.070438 pano/1783519132.070438.jpg 3323337.690730 5580808.173542 170.346110 0.173123 0.679424 -0.639944 -0.314458
1783519133.369629 pano/1783519133.369629.jpg 3323335.800545 5580809.232110 170.249278 0.175673 0.669579 -0.657075 -0.298422
1783519134.169145 pano/1783519134.169145.jpg 3323334.706381 5580809.928228 170.215949 -0.171974 -0.665972 0.667921 0.284232
1783519135.168509 pano/1783519135.168509.jpg 3323333.402428 5580810.830543 170.180056 0.160870 0.687416 -0.656809 -0.264919
1783519136.567638 pano/1783519136.567638.jpg 3323331.634300 5580811.869728 170.140221 0.163328 0.682251 -0.662319 -0.263042
1783519138.566394 pano/1783519138.566394.jpg 3323331.139885 5580811.280754 169.230986 -0.612129 0.320538 -0.409572 0.595655
1783519139.465834 pano/1783519139.465834.jpg 3323331.245972 5580811.039848 168.582756 -0.668320 0.330876 -0.294582 0.597571
1783519143.963035 pano/1783519143.963035.jpg 3323331.239805 5580811.011572 168.565338 -0.620071 0.333596 -0.339794 0.623512
1783519147.560795 pano/1783519147.560795.jpg 3323331.930652 5580811.777431 169.475276 -0.697570 -0.159375 0.150905 0.682072
1783519148.260359 pano/1783519148.260359.jpg 3323332.551245 5580812.181065 169.576855 -0.671291 -0.232162 0.207446 0.672633
1783519149.459613 pano/1783519149.459613.jpg 3323333.726287 5580813.120141 169.590678 -0.676458 -0.248840 0.206610 0.661661
1783519150.059239 pano/1783519150.059239.jpg 3323334.255335 5580813.371010 169.712312 -0.697938 -0.174630 0.160631 0.675710
1783519150.758804 pano/1783519150.758804.jpg 3323334.876463 5580813.633084 169.699184 -0.644791 -0.287190 0.265224 0.656828
1783519152.157933 pano/1783519152.157933.jpg 3323335.320516 5580814.348056 169.703877 -0.586170 -0.460940 0.402087 0.531287
1783519153.157311 pano/1783519153.157311.jpg 3323335.764443 5580815.462016 169.521151 -0.639067 -0.348279 0.276339 0.627640
1783519154.056751 pano/1783519154.056751.jpg 3323336.368713 5580816.312077 169.387118 -0.653536 -0.338440 0.321465 0.595826
1783519154.656379 pano/1783519154.656379.jpg 3323336.733021 5580816.959159 169.343702 -0.632333 -0.391242 0.388595 0.544131
1783519155.955570 pano/1783519155.955570.jpg 3323337.228457 5580818.422547 169.492716 -0.550291 -0.477225 0.433102 0.530903
1783519157.254761 pano/1783519157.254761.jpg 3323337.584760 5580819.754815 169.731329 -0.588822 -0.372817 0.365113 0.617243
1783519157.754449 pano/1783519157.754449.jpg 3323337.845882 5580820.197508 169.819498 -0.639118 -0.315903 0.363405 0.599725
1783519159.453391 pano/1783519159.453391.jpg 3323339.139122 5580821.766025 169.827231 -0.662065 -0.371565 0.343281 0.552963
1783519160.552707 pano/1783519160.552707.jpg 3323339.979975 5580822.719913 169.773849 -0.644636 -0.367166 0.303673 0.597843
1783519161.352209 pano/1783519161.352209.jpg 3323340.485334 5580823.459643 169.824349 -0.647436 -0.379323 0.357936 0.555718
1783519162.551464 pano/1783519162.551464.jpg 3323341.281739 5580824.599400 169.963476 -0.632447 -0.351060 0.300706 0.621566
1783519164.250406 pano/1783519164.250406.jpg 3323341.148839 5580826.278182 169.951431 0.261136 0.634065 -0.628007 -0.367936
1783519164.750094 pano/1783519164.750094.jpg 3323340.795605 5580826.670023 169.948573 0.230364 0.705223 -0.610111 -0.278131
1783519166.548976 pano/1783519166.548976.jpg 3323339.237227 5580827.588477 169.933340 0.058132 0.746274 -0.660078 -0.063192
1783519167.248539 pano/1783519167.248539.jpg 3323338.407268 5580827.542151 169.879896 -0.011603 0.732983 -0.680071 0.010186
1783519167.748228 pano/1783519167.748228.jpg 3323337.869799 5580827.444450 169.880761 0.019322 0.716354 -0.697066 -0.023728
1783519169.547109 pano/1783519169.547109.jpg 3323335.943886 5580827.510424 169.796455 0.122160 0.722196 -0.669367 -0.124334
1783519170.946238 pano/1783519170.946238.jpg 3323334.454887 5580827.867759 169.804603 0.039633 0.724152 -0.687203 -0.042246
1783519172.245429 pano/1783519172.245429.jpg 3323332.971171 5580827.787509 169.721618 -0.030450 0.733055 -0.679446 0.007430
1783519172.745117 pano/1783519172.745117.jpg 3323332.447536 5580827.731982 169.713131 0.040711 0.707787 -0.704611 -0.030067
1783519174.144248 pano/1783519174.144248.jpg 3323331.022515 5580827.411149 169.536660 -0.106567 0.709524 -0.690306 0.093256
1783519175.543376 pano/1783519175.543376.jpg 3323329.551563 5580826.736892 169.558181 0.147486 -0.681097 0.708150 -0.113488
1783519176.942505 pano/1783519176.942505.jpg 3323328.008299 5580827.078176 169.484429 -0.291282 -0.658580 0.663410 0.203258
1783519178.341634 pano/1783519178.341634.jpg 3323327.903572 5580827.687686 169.529856 -0.583518 -0.449733 0.394901 0.548908
1783519179.940640 pano/1783519179.940640.jpg 3323328.463541 5580829.249297 169.444935 0.482256 0.587711 -0.479532 -0.438264
1783519181.439705 pano/1783519181.439705.jpg 3323328.461957 5580830.735291 169.183747 0.506952 0.556473 -0.529352 -0.391309
1783519183.038710 pano/1783519183.038710.jpg 3323328.273871 5580832.481387 169.177069 0.320268 0.673625 -0.635876 -0.198291
1783519184.237964 pano/1783519184.237964.jpg 3323328.068012 5580833.188977 169.315680 0.420511 0.622546 -0.573525 -0.326613
1783519185.437217 pano/1783519185.437217.jpg 3323327.554219 5580833.744194 169.356255 0.338815 0.661903 -0.612862 -0.267375
1783519187.435973 pano/1783519187.435973.jpg 3323326.225417 5580834.206174 169.509096 0.215432 0.715899 -0.647528 -0.147601
1783519188.135541 pano/1783519188.135541.jpg 3323325.483547 5580834.344432 169.549102 0.137687 0.722592 -0.668751 -0.108056
1783519189.534667 pano/1783519189.534667.jpg 3323324.397619 5580835.309747 169.714027 0.238385 0.658641 -0.652665 -0.288778
1783519191.433490 pano/1783519191.433490.jpg 3323323.035088 5580835.731273 169.813186 0.043401 -0.690579 0.720646 -0.043420
1783519193.432245 pano/1783519193.432245.jpg 3323323.821822 5580835.973457 169.677860 -0.499029 -0.537933 0.450360 0.508698
1783519194.331685 pano/1783519194.331685.jpg 3323324.633398 5580836.164734 169.497722 -0.664767 -0.305979 0.290662 0.616423
1783519195.131187 pano/1783519195.131187.jpg 3323325.112770 5580836.679600 169.430785 -0.693189 -0.282332 0.246150 0.615782
1783519195.830752 pano/1783519195.830752.jpg 3323325.389163 5580837.370934 169.396576 -0.631708 -0.332556 0.314828 0.625488
1783519197.429757 pano/1783519197.429757.jpg 3323325.737833 5580839.336938 169.357226 -0.643376 -0.254491 0.276784 0.666852
1783519198.828885 pano/1783519198.828885.jpg 3323326.613901 5580840.770710 169.446648 -0.695482 -0.169642 0.156614 0.680440
1783519200.327953 pano/1783519200.327953.jpg 3323328.162838 5580841.730777 169.545069 -0.752147 0.002982 0.012687 0.658867
1783519201.127454 pano/1783519201.127454.jpg 3323329.082537 5580841.943639 169.569567 -0.688009 -0.072408 0.098193 0.715373
1783519201.727081 pano/1783519201.727081.jpg 3323329.696833 5580842.184299 169.637960 -0.686754 -0.058776 0.038461 0.723488
1783519203.126211 pano/1783519203.126211.jpg 3323331.277675 5580843.065878 169.608745 -0.694967 -0.023877 -0.020329 0.718357
1783519204.425401 pano/1783519204.425401.jpg 3323332.723129 5580843.853326 169.660515 -0.677655 -0.067919 -0.007432 0.732199
1783519205.724593 pano/1783519205.724593.jpg 3323334.160120 5580844.066263 169.656426 -0.690868 0.051495 -0.094688 0.714901
1783519206.923873 pano/1783519206.923873.jpg 3323335.393191 5580844.463552 169.766958 -0.698829 0.013639 -0.033437 0.714377
1783519208.123100 pano/1783519208.123100.jpg 3323336.637120 5580844.737659 169.787541 -0.711487 0.030228 -0.063016 0.699215
1783519209.422294 pano/1783519209.422294.jpg 3323337.988553 5580844.804807 169.853519 -0.697356 0.130956 -0.122273 0.693970
1783519210.121856 pano/1783519210.121856.jpg 3323338.735715 5580844.636100 169.850776 -0.703030 0.080798 -0.081311 0.701861
1783519210.821421 pano/1783519210.821421.jpg 3323339.439364 5580844.530373 169.886146 -0.696871 0.058427 -0.065878 0.711770
1783519211.620924 pano/1783519211.620924.jpg 3323340.322651 5580844.599694 169.833063 -0.716741 -0.007964 0.030933 0.696608
1783519213.419816 pano/1783519213.419816.jpg 3323342.325227 5580844.702381 169.965778 -0.702004 0.008953 -0.034818 0.711265
1783519214.519120 pano/1783519214.519120.jpg 3323343.350691 5580844.978961 169.995872 -0.703665 -0.173702 0.113644 0.679536
1783519216.417938 pano/1783519216.417938.jpg 3323344.711805 5580846.375993 170.067514 -0.648654 -0.318793 0.207364 0.659257
1783519218.216819 pano/1783519218.216819.jpg 3323345.097608 5580847.889459 170.012871 -0.592544 -0.292810 0.272553 0.699191
1783519219.216197 pano/1783519219.216197.jpg 3323345.113211 5580849.033147 170.153367 -0.484956 -0.497041 0.467116 0.547330
1783519220.415450 pano/1783519220.415450.jpg 3323345.691908 5580850.041922 170.117503 -0.631328 -0.271228 0.233533 0.687985
1783519221.814579 pano/1783519221.814579.jpg 3323346.990059 5580851.093582 170.092386 -0.694890 -0.103466 0.132266 0.699234
1783519222.614082 pano/1783519222.614082.jpg 3323347.766919 5580851.432457 170.098793 -0.707502 -0.043724 0.063430 0.702500
1783519223.913273 pano/1783519223.913273.jpg 3323349.238797 5580851.678817 170.124277 -0.709085 0.034449 -0.053038 0.702281
1783519224.912653 pano/1783519224.912653.jpg 3323350.402107 5580852.094137 170.010441 -0.694177 -0.188903 0.130981 0.682113
1783519225.912029 pano/1783519225.912029.jpg 3323351.175872 5580853.006740 170.050922 -0.616806 -0.378121 0.342070 0.599635
1783519226.711532 pano/1783519226.711532.jpg 3323351.552520 5580853.756545 170.026182 -0.635114 -0.367182 0.313819 0.602765
1783519228.010724 pano/1783519228.010724.jpg 3323352.239975 5580855.102989 169.986983 -0.628156 -0.361031 0.335180 0.602272
1783519229.309916 pano/1783519229.309916.jpg 3323352.853873 5580856.515903 169.888441 -0.594230 -0.307591 0.353473 0.653709
1783519230.209364 pano/1783519230.209364.jpg 3323353.268208 5580857.405110 169.888727 -0.644147 -0.320904 0.283180 0.633959
1783519230.908920 pano/1783519230.908920.jpg 3323353.779932 5580857.822356 169.885887 -0.675314 -0.167499 0.161511 0.699864
1783519232.407987 pano/1783519232.407987.jpg 3323355.149869 5580858.633884 169.860060 -0.689660 -0.099888 0.082036 0.712503
1783519233.107552 pano/1783519233.107552.jpg 3323355.937126 5580858.805371 169.797050 -0.707369 -0.030940 0.053370 0.704148
1783519233.907055 pano/1783519233.907055.jpg 3323356.762536 5580858.671921 169.706069 -0.696884 0.166792 -0.116807 0.687670
1783519234.606620 pano/1783519234.606620.jpg 3323357.323698 5580858.070928 169.625542 -0.660391 0.275595 -0.214246 0.664853
1783519236.505438 pano/1783519236.505438.jpg 3323358.353873 5580856.425783 170.082071 -0.550664 0.454869 -0.480321 0.509073
1783519238.304318 pano/1783519238.304318.jpg 3323359.429155 5580855.656897 170.159147 -0.693204 0.029177 -0.051489 0.718308
1783519239.103820 pano/1783519239.103820.jpg 3323360.195504 5580855.770911 170.154888 -0.701417 -0.140095 0.119448 0.688563
1783519239.903323 pano/1783519239.903323.jpg 3323360.884567 5580856.099119 170.104282 -0.704341 -0.150405 0.139689 0.679536
1783519241.402391 pano/1783519241.402391.jpg 3323362.247741 5580855.431716 170.049065 -0.708259 0.163331 -0.193514 0.658972
1783519242.201893 pano/1783519242.201893.jpg 3323362.739250 5580854.853928 170.050158 -0.682750 0.166647 -0.149252 0.695561
1783519242.901458 pano/1783519242.901458.jpg 3323363.207305 5580854.484717 170.038849 -0.702929 0.183295 -0.189852 0.660492
1783519243.601022 pano/1783519243.601022.jpg 3323363.595553 5580853.976528 170.016545 -0.718893 0.121557 -0.132896 0.671383
1783519245.299966 pano/1783519245.299966.jpg 3323364.993832 5580853.212833 170.017249 -0.736051 0.033289 -0.035273 0.675187
1783519245.999529 pano/1783519245.999529.jpg 3323365.609781 5580852.859457 170.030072 -0.738416 0.016461 0.009451 0.674079
1783519247.398658 pano/1783519247.398658.jpg 3323366.582965 5580851.823312 170.053581 -0.742714 -0.000923 -0.056847 0.667191
1783519247.998285 pano/1783519247.998285.jpg 3323366.962981 5580851.367408 170.047836 -0.731516 0.113647 -0.178317 0.648207
1783519248.697858 pano/1783519248.697858.jpg 3323367.227601 5580850.832528 170.078967 -0.672547 0.319424 -0.339398 0.574854
1783519249.997041 pano/1783519249.997041.jpg 3323367.954070 5580850.134391 170.123846 -0.703456 0.212311 -0.238881 0.634830
1783519250.796546 pano/1783519250.796546.jpg 3323368.558031 5580849.797496 170.143276 -0.668928 0.244092 -0.244478 0.658168
1783519251.695985 pano/1783519251.695985.jpg 3323369.166698 5580849.334671 170.126046 -0.693356 0.214372 -0.195020 0.659749
1783519253.294989 pano/1783519253.294989.jpg 3323370.605434 5580848.641453 170.067904 -0.709630 0.154827 -0.181416 0.662980
1783519254.394305 pano/1783519254.394305.jpg 3323371.518302 5580848.054604 170.068043 -0.704932 0.189481 -0.220571 0.646929
1783519256.293123 pano/1783519256.293123.jpg 3323372.717728 5580847.306619 170.042269 -0.679564 0.146934 -0.128009 0.707260
1783519257.092632 pano/1783519257.092632.jpg 3323373.329347 5580847.115843 170.028430 -0.684747 0.153868 -0.145118 0.697414
1783519258.291884 pano/1783519258.291884.jpg 3323374.246624 5580847.025472 169.955640 -0.719545 0.035505 -0.013013 0.693416
1783519260.390573 pano/1783519260.390573.jpg 3323375.582168 5580846.302614 169.451278 -0.530926 0.504439 -0.419469 0.536381
1783519261.489890 pano/1783519261.489890.jpg 3323375.614251 5580845.243035 169.639247 -0.438715 0.561796 -0.491925 0.499924
1783519263.188831 pano/1783519263.188831.jpg 3323375.119837 5580843.703909 169.995520 -0.518934 0.501181 -0.451273 0.525240
1783519263.688521 pano/1783519263.688521.jpg 3323374.908431 5580843.226649 169.968472 -0.555457 0.490835 -0.419296 0.524156
1783519265.087649 pano/1783519265.087649.jpg 3323374.568071 5580842.062033 170.137611 -0.689147 0.185541 -0.167504 0.680142
1783519267.386219 pano/1783519267.386219.jpg 3323373.219902 5580841.186793 170.130799 -0.137248 0.728852 -0.656733 0.136527
1783519267.885908 pano/1783519267.885908.jpg 3323372.734750 5580840.971778 170.182723 -0.138685 0.701949 -0.686406 0.129928
1783519268.885286 pano/1783519268.885286.jpg 3323371.915949 5580840.305270 170.228681 -0.184781 0.702890 -0.656360 0.202469
1783519269.684789 pano/1783519269.684789.jpg 3323371.361859 5580839.802212 170.275591 -0.090161 0.726820 -0.672035 0.109418
1783519271.083918 pano/1783519271.083918.jpg 3323370.129559 5580839.151945 170.346864 -0.001061 -0.687954 0.725727 0.006126
1783519272.483049 pano/1783519272.483049.jpg 3323368.815466 5580838.739232 170.317348 -0.079814 -0.682453 0.722326 0.078311
1783519273.482426 pano/1783519273.482426.jpg 3323367.990069 5580838.588521 170.287686 0.149788 0.707633 -0.673100 -0.154126
1783519275.081430 pano/1783519275.081430.jpg 3323366.427655 5580838.508339 170.218646 -0.024963 0.734884 -0.677692 -0.007455
1783519276.380623 pano/1783519276.380623.jpg 3323365.250163 5580837.805122 170.266339 0.120862 -0.694144 0.705298 -0.078171
1783519276.980250 pano/1783519276.980250.jpg 3323364.836778 5580837.276536 170.325622 -0.268990 0.679435 -0.656911 0.185690
1783519277.879691 pano/1783519277.879691.jpg 3323364.315465 5580836.807996 170.327480 -0.355651 0.631431 -0.597918 0.342493
1783519279.278818 pano/1783519279.278818.jpg 3323363.458468 5580835.943745 170.273526 -0.322093 0.641931 -0.621373 0.313171
1783519280.378136 pano/1783519280.378136.jpg 3323362.677895 5580835.976591 170.206875 0.171542 0.692309 -0.679414 -0.172276
1783519281.177639 pano/1783519281.177639.jpg 3323362.209778 5580836.471910 170.199493 0.319835 0.681094 -0.592885 -0.286888
1783519282.077078 pano/1783519282.077078.jpg 3323361.643954 5580837.247520 170.229744 0.243727 0.694331 -0.659783 -0.152274
1783519282.576765 pano/1783519282.576765.jpg 3323361.230743 5580837.535742 170.259225 0.161274 0.715756 -0.651503 -0.192943
1783519284.175771 pano/1783519284.175771.jpg 3323359.859910 5580838.552787 170.301799 0.127376 0.710009 -0.678809 -0.137408
1783519284.875344 pano/1783519284.875344.jpg 3323359.107863 5580838.892273 170.259130 -0.000285 0.746656 -0.664288 -0.035014
1783519286.274465 pano/1783519286.274465.jpg 3323357.735435 5580838.551456 169.736717 -0.207852 0.701637 -0.630331 0.259203
1783519286.874092 pano/1783519286.874092.jpg 3323357.269684 5580838.218277 169.557258 -0.184971 0.696148 -0.650477 0.240921
1783519287.573656 pano/1783519287.573656.jpg 3323356.840740 5580837.802121 169.779375 -0.317387 0.680366 -0.573109 0.328502
1783519288.573034 pano/1783519288.573034.jpg 3323356.782466 5580836.969666 170.101383 -0.292204 0.656002 -0.556900 0.417302
1783519289.772287 pano/1783519289.772287.jpg 3323357.072376 5580835.910739 170.204885 0.371169 -0.592730 0.601567 -0.386032
1783519291.071479 pano/1783519291.071479.jpg 3323356.680436 5580834.820855 170.165090 -0.302118 0.697645 -0.606984 0.231488
1783519292.370671 pano/1783519292.370671.jpg 3323356.800382 5580833.988198 170.137561 0.458874 -0.543548 0.551364 -0.435876
1783519294.369427 pano/1783519294.369427.jpg 3323357.697928 5580832.661275 170.157783 -0.496255 0.547723 -0.488412 0.463880
1783519295.268867 pano/1783519295.268867.jpg 3323357.604468 5580832.003104 170.092027 -0.340418 0.624090 -0.601562 0.364349
1783519296.268245 pano/1783519296.268245.jpg 3323357.170075 5580831.232998 170.117884 -0.392748 0.649492 -0.552037 0.345201
1783519297.467499 pano/1783519297.467499.jpg 3323356.200502 5580830.788301 170.096583 0.033597 -0.669435 0.741718 -0.024151
1783519299.366317 pano/1783519299.366317.jpg 3323354.660580 5580830.241739 170.044334 -0.100406 -0.674341 0.723135 0.110717
1783519300.265757 pano/1783519300.265757.jpg 3323353.806252 5580829.946750 169.989063 0.143886 0.685158 -0.680310 -0.216873
1783519301.165197 pano/1783519301.165197.jpg 3323352.822377 5580830.225217 169.693468 0.235982 0.700463 -0.638105 -0.215607
1783519302.264513 pano/1783519302.264513.jpg 3323351.803297 5580830.584744 169.800542 0.228223 0.689721 -0.628546 -0.277722
1783519303.163954 pano/1783519303.163954.jpg 3323350.940132 5580830.751680 169.809121 0.317425 0.648430 -0.614771 -0.317548
1783519304.163331 pano/1783519304.163331.jpg 3323350.153558 5580831.289781 169.864362 0.414219 0.600225 -0.524272 -0.439649
1783519305.062771 pano/1783519305.062771.jpg 3323349.343401 5580831.943479 169.852043 0.328555 0.651996 -0.594868 -0.336280
1783519305.662398 pano/1783519305.662398.jpg 3323348.935632 5580832.327100 169.824950 0.372439 0.623372 -0.588628 -0.355265
1783519306.761717 pano/1783519306.761717.jpg 3323348.147276 5580833.264662 169.896633 0.324925 0.659098 -0.598170 -0.319697
1783519307.561217 pano/1783519307.561217.jpg 3323347.433768 5580833.802565 169.918936 0.216416 0.697843 -0.652714 -0.200362
1783519309.060284 pano/1783519309.060284.jpg 3323345.987871 5580833.762920 169.873634 -0.271428 0.702597 -0.620636 0.217932
1783519310.259543 pano/1783519310.259543.jpg 3323345.895239 5580832.495716 169.854905 -0.593081 0.455267 -0.396014 0.533067
1783519312.358232 pano/1783519312.358232.jpg 3323346.619908 5580830.156889 169.872349 -0.348074 0.613550 -0.607296 0.365503
1783519314.257050 pano/1783519314.257050.jpg 3323345.901945 5580828.021966 169.908911 -0.299606 0.647964 -0.626789 0.312273
1783519314.856678 pano/1783519314.856678.jpg 3323345.639481 5580827.364048 169.948909 -0.280292 0.669943 -0.641030 0.248381
1783519315.656180 pano/1783519315.656180.jpg 3323345.363122 5580826.366534 169.934941 0.371989 -0.598949 0.607550 -0.365743
1783519316.755496 pano/1783519316.755496.jpg 3323345.169359 5580825.018599 169.955494 0.420563 -0.559191 0.572834 -0.426957
1783519318.254563 pano/1783519318.254563.jpg 3323344.980974 5580823.481010 169.938373 0.353423 -0.606131 0.613194 -0.362892
1783519318.854191 pano/1783519318.854191.jpg 3323344.799957 5580822.863976 169.960591 -0.310717 0.636718 -0.623430 0.330726
1783519319.753631 pano/1783519319.753631.jpg 3323344.416327 5580821.798370 169.893664 0.353164 -0.623804 0.627347 -0.304269
1783519321.152760 pano/1783519321.152760.jpg 3323344.605368 5580820.202783 169.903704 -0.650991 0.341618 -0.349132 0.581046
1783519321.852327 pano/1783519321.852327.jpg 3323344.923749 5580819.494061 169.911350 -0.682399 0.232957 -0.240204 0.649896
1783519322.651828 pano/1783519322.651828.jpg 3323345.441556 5580818.859186 169.957243 -0.670015 0.208766 -0.243432 0.669506
1783519323.951020 pano/1783519323.951020.jpg 3323346.660445 5580818.301623 169.943949 -0.683068 0.204074 -0.158169 0.683194
1783519325.050340 pano/1783519325.050340.jpg 3323347.608412 5580818.147378 169.994180 -0.703116 0.057283 -0.046914 0.707210
1783519325.649965 pano/1783519325.649965.jpg 3323348.134530 5580818.222550 170.015541 -0.736361 0.055781 -0.088652 0.668433
1783519327.049094 pano/1783519327.049094.jpg 3323349.543517 5580818.350236 170.016630 -0.701818 0.017197 -0.001253 0.712148
1783519328.348286 pano/1783519328.348286.jpg 3323350.974914 5580818.807494 170.043511 -0.712906 -0.048722 0.024323 0.699142
1783519329.247727 pano/1783519329.247727.jpg 3323351.940630 5580819.047877 170.056243 -0.703317 -0.105233 0.085787 0.697791
1783519330.446983 pano/1783519330.446983.jpg 3323353.202832 5580819.481185 170.123207 -0.699385 -0.111754 0.078783 0.701544
1783519331.746173 pano/1783519331.746173.jpg 3323354.626249 5580819.915801 170.093366 -0.669639 -0.202203 0.156752 0.697228
1783519333.345179 pano/1783519333.345179.jpg 3323356.204100 5580820.517488 170.070978 -0.643988 -0.319980 0.260277 0.644320
1783519334.544432 pano/1783519334.544432.jpg 3323357.096597 5580821.207013 170.154472 -0.625623 -0.342163 0.317577 0.625033
1783519335.543811 pano/1783519335.543811.jpg 3323357.432355 5580822.011176 170.137195 -0.632263 -0.290922 0.290009 0.656889
1783519337.442631 pano/1783519337.442631.jpg 3323358.774487 5580823.492905 170.125648 -0.682441 -0.230558 0.162302 0.674370
1783519338.342071 pano/1783519338.342071.jpg 3323359.575500 5580823.872100 170.135095 -0.676967 -0.132428 0.131344 0.711989
1783519338.941698 pano/1783519338.941698.jpg 3323360.191310 5580824.006530 170.165999 -0.682770 -0.161170 0.126898 0.701246
1783519339.841138 pano/1783519339.841138.jpg 3323361.132580 5580824.073929 170.208912 -0.704150 -0.049829 0.021556 0.707973
1783519341.140334 pano/1783519341.140334.jpg 3323362.548522 5580824.035122 170.254440 -0.708239 -0.083888 0.040135 0.699821
1783519341.839894 pano/1783519341.839894.jpg 3323363.206464 5580823.862029 170.293799 -0.721579 -0.005451 0.029689 0.691673
1783519343.239026 pano/1783519343.239026.jpg 3323364.563296 5580824.020800 170.575877 -0.667913 -0.228771 0.135474 0.695128
1783519344.138464 pano/1783519344.138464.jpg 3323365.204729 5580824.479381 170.926030 -0.641766 -0.208390 0.136627 0.725288
1783519345.437655 pano/1783519345.437655.jpg 3323366.118168 5580825.211938 170.907745 -0.637875 -0.265423 0.159636 0.705112
1783519347.436413 pano/1783519347.436413.jpg 3323367.094087 5580826.624989 170.777320 -0.663237 -0.230924 0.158038 0.694128
1783519348.235918 pano/1783519348.235918.jpg 3323367.853442 5580826.982312 170.733829 -0.669546 -0.252722 0.172845 0.676731
1783519349.435169 pano/1783519349.435169.jpg 3323368.934030 5580827.560907 170.691722 -0.614457 -0.348760 0.307817 0.637226
1783519350.834297 pano/1783519350.834297.jpg 3323369.833200 5580828.263230 170.300631 -0.759455 -0.110306 0.001977 0.641137
1783519353.332742 pano/1783519353.332742.jpg 3323370.778818 5580826.790726 170.252906 0.475777 -0.506716 0.563807 -0.446090
1783519353.832431 pano/1783519353.832431.jpg 3323370.984722 5580826.312262 170.295326 0.493553 -0.528240 0.562625 -0.401024
1783519355.231560 pano/1783519355.231560.jpg 3323371.409233 5580825.262177 170.284407 -0.250034 0.652528 -0.650159 0.298302
1783519356.830565 pano/1783519356.830565.jpg 3323370.455507 5580824.582711 170.359087 -0.134611 0.725943 -0.650429 0.178409
1783519357.530129 pano/1783519357.530129.jpg 3323369.850055 5580824.272323 170.340389 -0.126348 0.721438 -0.654655 0.187056
1783519359.329010 pano/1783519359.329010.jpg 3323369.003951 5580822.731825 170.351543 -0.501379 0.505478 -0.499959 0.493105
1783519361.327769 pano/1783519361.327769.jpg 3323367.870533 5580821.404482 170.332860 -0.238207 0.685088 -0.632218 0.272419
1783519361.927393 pano/1783519361.927393.jpg 3323367.360493 5580821.084161 170.360298 -0.205493 0.684129 -0.653624 0.250031
1783519363.326522 pano/1783519363.326522.jpg 3323365.951777 5580820.407238 170.238229 0.132163 -0.684305 0.685244 -0.211425
1783519364.126025 pano/1783519364.126025.jpg 3323365.110958 5580820.116125 170.171158 -0.105823 0.709213 -0.666133 0.205144
1783519365.025465 pano/1783519365.025465.jpg 3323364.416723 5580819.696806 170.278572 -0.066111 0.721419 -0.683153 0.092115
1783519366.024847 pano/1783519366.024847.jpg 3323363.646575 5580819.574243 170.291505 -0.002424 0.724386 -0.686700 0.060845
1783519367.324036 pano/1783519367.324036.jpg 3323362.484983 5580819.617010 170.337887 0.021741 0.720264 -0.691991 0.043536
1783519368.023601 pano/1783519368.023601.jpg 3323361.860078 5580819.478528 170.317943 -0.000474 0.712699 -0.701448 -0.005482
1783519368.723165 pano/1783519368.723165.jpg 3323361.134263 5580819.433837 170.275306 -0.031257 0.715149 -0.694965 0.067892
1783519370.222233 pano/1783519370.222233.jpg 3323359.750939 5580819.764727 170.221807 0.040838 0.729023 -0.683269 0.001416
1783519370.921798 pano/1783519370.921798.jpg 3323358.939180 5580819.900963 170.111793 0.069796 0.725609 -0.684428 -0.013318
1783519371.621363 pano/1783519371.621363.jpg 3323358.062307 5580819.950517 169.826960 0.023746 0.722504 -0.684329 0.095488
1783519373.520181 pano/1783519373.520181.jpg 3323356.170820 5580819.287602 169.994482 -0.286843 0.641998 -0.624269 0.340365
1783519374.119808 pano/1783519374.119808.jpg 3323355.862587 5580818.761043 170.073059 -0.339528 0.647171 -0.591828 0.340045
1783519374.719435 pano/1783519374.719435.jpg 3323355.628024 5580818.225559 170.129342 -0.357510 0.630256 -0.575761 0.378766
1783519375.818752 pano/1783519375.818752.jpg 3323355.297390 5580817.285952 170.211923 -0.470574 0.537719 -0.504296 0.484876
1783519377.517694 pano/1783519377.517694.jpg 3323355.508680 5580815.810793 170.385902 -0.641554 0.344017 -0.370662 0.576777
1783519378.317197 pano/1783519378.317197.jpg 3323356.098978 5580815.111971 170.404105 -0.665072 0.273184 -0.370017 0.588334
1783519379.216637 pano/1783519379.216637.jpg 3323356.702716 5580814.358382 170.359205 -0.590986 0.410329 -0.455178 0.524575
1783519379.716326 pano/1783519379.716326.jpg 3323357.025266 5580813.953855 170.327138 -0.556094 0.431283 -0.474807 0.528500
1783519381.415270 pano/1783519381.415270.jpg 3323358.203088 5580813.234241 170.194404 0.455640 -0.509635 0.570484 -0.455205
1783519382.914336 pano/1783519382.914336.jpg 3323359.694191 5580812.694711 170.093649 -0.613667 0.340491 -0.425898 0.571042
1783519384.013655 pano/1783519384.013655.jpg 3323360.956674 5580812.575555 169.941594 -0.667348 0.244482 -0.303081 0.634836
1783519385.312844 pano/1783519385.312844.jpg 3323361.757108 5580811.970552 169.903268 -0.511835 0.532590 -0.475911 0.477369
1783519386.112348 pano/1783519386.112348.jpg 3323361.969877 5580811.229496 169.795562 -0.489192 0.534967 -0.505781 0.467640
1783519386.911850 pano/1783519386.911850.jpg 3323362.165070 5580810.573140 169.735810 -0.428754 0.584784 -0.533055 0.435947
1783519388.310979 pano/1783519388.310979.jpg 3323361.878878 5580809.449748 169.649985 -0.364713 0.628440 -0.593640 0.345889
1783519389.710108 pano/1783519389.710108.jpg 3323361.447276 5580808.423406 169.683718 -0.258855 0.663181 -0.638575 0.292244
1783519391.508989 pano/1783519391.508989.jpg 3323361.237679 5580806.996117 169.678583 -0.476859 0.604665 -0.488861 0.409879
1783519393.107995 pano/1783519393.107995.jpg 3323361.158275 5580805.591292 169.657839 -0.347610 0.629142 -0.583148 0.378531
1783519394.207313 pano/1783519394.207313.jpg 3323360.868054 5580804.973522 169.722720 -0.184196 0.696909 -0.656480 0.222315
1783519396.006195 pano/1783519396.006195.jpg 3323360.117915 5580804.062432 169.722143 -0.255987 0.665784 -0.657685 0.242184
1783519397.305382 pano/1783519397.305382.jpg 3323359.760139 5580803.537226 169.740605 -0.336785 0.617666 -0.600045 0.380804
1783519398.104886 pano/1783519398.104886.jpg 3323359.767015 5580802.960161 169.890403 0.388530 -0.594706 0.614837 -0.342556
1783519399.104264 pano/1783519399.104264.jpg 3323359.642685 5580802.004659 169.932189 0.331158 -0.581220 0.619010 -0.411515
1783519399.803829 pano/1783519399.803829.jpg 3323359.476829 5580801.417042 170.010625 0.304672 -0.610507 0.613078 -0.398234
1783519400.603332 pano/1783519400.603332.jpg 3323359.200150 5580800.755749 170.152225 -0.292387 0.635369 -0.614895 0.364308
1783519402.402211 pano/1783519402.402211.jpg 3323358.218335 5580799.581819 170.295882 -0.203102 0.713015 -0.625390 0.243406
1783519403.101777 pano/1783519403.101777.jpg 3323357.846004 5580799.066496 170.352256 -0.151627 0.738786 -0.647888 0.106981
1783519403.801341 pano/1783519403.801341.jpg 3323357.250067 5580798.628893 170.301403 -0.135909 0.704625 -0.691988 0.078641
1783519405.100532 pano/1783519405.100532.jpg 3323356.070347 5580798.163302 169.998367 -0.017170 -0.670883 0.731660 0.119565
1783519405.900035 pano/1783519405.900035.jpg 3323355.078727 5580798.360416 169.994718 -0.111150 -0.665398 0.712622 0.192511
1783519407.399110 pano/1783519407.399110.jpg 3323353.531786 5580799.109551 169.927830 0.180230 0.684923 -0.657719 -0.256523
1783519408.198604 pano/1783519408.198604.jpg 3323352.485545 5580799.616849 169.929438 0.219353 0.678471 -0.667891 -0.213268
1783519408.698293 pano/1783519408.698293.jpg 3323351.867924 5580799.997613 169.925333 0.176636 0.689220 -0.682528 -0.167128
1783519409.897547 pano/1783519409.897547.jpg 3323350.536387 5580800.730863 169.949234 0.117026 0.722063 -0.661841 -0.164002
1783519410.896925 pano/1783519410.896925.jpg 3323349.471336 5580801.303148 169.910828 -0.189360 -0.674585 0.681108 0.212533
1783519411.696428 pano/1783519411.696428.jpg 3323348.599500 5580801.704985 169.943378 0.218102 0.692131 -0.648121 -0.230925
1783519412.595869 pano/1783519412.595869.jpg 3323347.731789 5580802.078420 169.926829 0.120173 0.701281 -0.685131 -0.156072
1783519414.494687 pano/1783519414.494687.jpg 3323348.996821 5580800.456070 170.097777 0.617647 -0.388834 0.470052 -0.496358
1783519416.493443 pano/1783519416.493443.jpg 3323351.444043 5580798.878852 170.347546 -0.573972 0.319511 -0.462460 0.595482
1783519417.992511 pano/1783519417.992511.jpg 3323353.351147 5580797.718500 170.191478 -0.649557 0.285286 -0.399286 0.580740
1783519419.291702 pano/1783519419.291702.jpg 3323354.995655 5580796.776967 170.169293 -0.661001 0.230937 -0.343862 0.625703
1783519420.291081 pano/1783519420.291081.jpg 3323356.238933 5580795.980175 170.205894 -0.641796 0.255386 -0.328753 0.644048
1783519420.890708 pano/1783519420.890708.jpg 3323357.014356 5580795.408193 170.194937 -0.625317 0.240210 -0.307336 0.675886
1783519421.890086 pano/1783519421.890086.jpg 3323358.349014 5580794.679127 170.209332 -0.658492 0.290929 -0.377253 0.582605
1783519423.089340 pano/1783519423.089340.jpg 3323359.949926 5580793.768417 170.266018 -0.638029 0.297043 -0.406173 0.582845
1783519424.388533 pano/1783519424.388533.jpg 3323361.509759 5580792.834477 170.274941 -0.601449 0.326369 -0.477519 0.551107
1783519425.487848 pano/1783519425.487848.jpg 3323362.880661 5580791.917929 170.299942 -0.616765 0.289715 -0.426293 0.594929
1783519426.087475 pano/1783519426.087475.jpg 3323363.617548 5580791.404928 170.321393 -0.648579 0.258691 -0.404221 0.590788
1783519427.086853 pano/1783519427.086853.jpg 3323364.890052 5580790.681038 170.340216 -0.627040 0.238868 -0.429688 0.604261
1783519428.286106 pano/1783519428.286106.jpg 3323366.371394 5580789.912738 170.370188 -0.634152 0.264725 -0.428675 0.586522
1783519429.485362 pano/1783519429.485362.jpg 3323367.792021 5580788.997703 170.398324 -0.626175 0.275397 -0.415648 0.599415
1783519429.885117 pano/1783519429.885117.jpg 3323368.297236 5580788.683496 170.391266 -0.651474 0.279486 -0.406101 0.576672
1783519431.184303 pano/1783519431.184303.jpg 3323369.826340 5580787.648491 170.413629 -0.641780 0.272141 -0.405553 0.591257
1783519432.083744 pano/1783519432.083744.jpg 3323370.779912 5580786.748545 170.330836 -0.660272 0.294504 -0.385138 0.573565
1783519435.081878 pano/1783519435.081878.jpg 3323371.272704 5580786.017741 169.571041 -0.680571 0.285712 -0.272023 0.617410
